Canonical morphism

0
0 0 0 0 0 0 0 0 0 0 0 0 0 0 
0 0 0 0 0 0 0 0 0 0 0 0 0 0 
0 0 0 0 0 0 0 0 0 0 0 0 0 0 
0 0 0 0 0 0 0 0 0 0 0 0 0 0 
0 0 0 0 0 0 0 0 0 0 0 0 0 0 
0 0 0 0 0 0 0 0 0 0 0 0 0 0 
0 0 0 0 0 0 0 0 0 0 0 0 0 0 
0 0 0 0 0 0 0 0 0 0 0 0 0 0 
0 0 0 0 0 0 0 0 0 0 0 0 0 0 
0 0 0 0 0 0 0 0 0 0 0 0 0 0 
0 0 0 0 0 0 0 0 0 0 0 0 0 0 
0 0 0 0 0 0 0 0 0 0 0 0 0 0 
0 0 0 0 0 0 0 0 0 0 0 0 0 0 
0 0 0 0 0 0 0 0 0 0 0 0 0 0 

A1N
A1N 0 0 0 0 0 0 0 0 0 0 0 0 A1N 
B1N 0 0 0 0 0 0 0 0 0 0 0 0 B1N 
C1N 0 0 0 0 0 0 0 0 0 0 0 0 C1N 
D1N 0 0 0 0 0 0 0 0 0 0 0 0 D1N 
E1N 0 0 0 0 0 0 0 0 0 0 0 0 E1N 
F1N 0 0 0 0 0 0 0 0 0 0 0 0 F1N 
F1S 0 0 0 0 0 0 0 0 0 0 0 0 F1S 
E1S 0 0 0 0 0 0 0 0 0 0 0 0 E1S 
D1S 0 0 0 0 0 0 0 0 0 0 0 0 D1S 
C1S 0 0 0 0 0 0 0 0 0 0 0 0 C1S 
B1S 0 0 0 0 0 0 0 0 0 0 0 0 B1S 
A1S 0 0 0 0 0 0 0 0 0 0 0 0 A1S 
G1NE H1N H1N H1N H1N H1N H1N H1N H1N H1N H1N H1N H1N G1ES 
H1W 0 0 0 0 0 0 0 0 0 0 0 0 H1E 

B1N
H1W 0 0 0 0 0 0 0 0 0 0 0 0 H1E 
H1W 0 0 0 0 0 0 0 0 0 0 0 0 H1E 
H1W 0 0 0 0 0 0 0 0 0 0 0 0 H1E 
H1W 0 0 0 0 0 0 0 0 0 0 0 0 H1E 
H1W 0 0 0 0 0 0 0 0 0 0 0 0 H1E 
H1W 0 0 0 0 0 0 0 0 0 0 0 0 H1E 
H1W 0 0 0 0 0 0 0 0 0 0 0 0 H1E 
H1W 0 0 0 0 0 0 0 0 0 0 0 0 H1E 
H1W 0 0 0 0 0 0 0 0 0 0 0 0 H1E 
H1W 0 0 0 0 0 0 0 0 0 0 0 0 H1E 
H1W 0 0 0 0 0 0 0 0 0 0 0 0 H1E 
G1WN H1S H1S H1S H1S H1S H1S H1S H1S H1S H1S H1S H1S G1SW 
A1N 0 0 0 0 0 0 0 0 0 0 0 0 A1N 
B1N 0 0 0 0 0 0 0 0 0 0 0 0 B1N 

C1N
C1N 0 0 0 0 0 0 0 0 0 0 0 0 C1N 
D1N 0 0 0 0 0 0 0 0 0 0 0 0 D1N 
E1N 0 0 0 0 0 0 0 0 0 0 0 0 E1N 
F1N 0 0 0 0 0 0 0 0 0 0 0 0 F1N 
F1S 0 0 0 0 0 0 0 0 0 0 0 0 F1S 
E1S 0 0 0 0 0 0 0 0 0 0 0 0 E1S 
D1S 0 0 0 0 0 0 0 0 0 0 0 0 D1S 
C1S 0 0 0 0 0 0 0 0 0 0 0 0 C1S 
B1S 0 0 0 0 0 0 0 0 0 0 0 0 B1S 
A1S 0 0 0 0 0 0 0 0 0 0 0 0 A1S 
G1NE H1N H1N H1N H1N H1N H1N H1N H1N H1N H1N H1N H1N G1ES 
H1W 0 0 0 0 0 0 0 0 0 0 0 0 H1E 
H1W 0 0 0 0 0 0 0 0 0 0 0 0 H1E 
H1W 0 0 0 0 0 0 0 0 0 0 0 0 H1E 

D1N
H1W 0 0 0 0 0 0 0 0 0 0 0 0 H1E 
H1W 0 0 0 0 0 0 0 0 0 0 0 0 H1E 
H1W 0 0 0 0 0 0 0 0 0 0 0 0 H1E 
H1W 0 0 0 0 0 0 0 0 0 0 0 0 H1E 
H1W 0 0 0 0 0 0 0 0 0 0 0 0 H1E 
H1W 0 0 0 0 0 0 0 0 0 0 0 0 H1E 
H1W 0 0 0 0 0 0 0 0 0 0 0 0 H1E 
H1W 0 0 0 0 0 0 0 0 0 0 0 0 H1E 
H1W 0 0 0 0 0 0 0 0 0 0 0 0 H1E 
G1WN H1S H1S H1S H1S H1S H1S H1S H1S H1S H1S H1S H1S G1SW 
A1N 0 0 0 0 0 0 0 0 0 0 0 0 A1N 
B1N 0 0 0 0 0 0 0 0 0 0 0 0 B1N 
C1N 0 0 0 0 0 0 0 0 0 0 0 0 C1N 
D1N 0 0 0 0 0 0 0 0 0 0 0 0 D1N 

E1N
E1N 0 0 0 0 0 0 0 0 0 0 0 0 E1N 
F1N 0 0 0 0 0 0 0 0 0 0 0 0 F1N 
F1S 0 0 0 0 0 0 0 0 0 0 0 0 F1S 
E1S 0 0 0 0 0 0 0 0 0 0 0 0 E1S 
D1S 0 0 0 0 0 0 0 0 0 0 0 0 D1S 
C1S 0 0 0 0 0 0 0 0 0 0 0 0 C1S 
B1S 0 0 0 0 0 0 0 0 0 0 0 0 B1S 
A1S 0 0 0 0 0 0 0 0 0 0 0 0 A1S 
G1NE H1N H1N H1N H1N H1N H1N H1N H1N H1N H1N H1N H1N G1ES 
H1W 0 0 0 0 0 0 0 0 0 0 0 0 H1E 
H1W 0 0 0 0 0 0 0 0 0 0 0 0 H1E 
H1W 0 0 0 0 0 0 0 0 0 0 0 0 H1E 
H1W 0 0 0 0 0 0 0 0 0 0 0 0 H1E 
H1W 0 0 0 0 0 0 0 0 0 0 0 0 H1E 

F1N
H1W 0 0 0 0 0 0 0 0 0 0 0 0 H1E 
H1W 0 0 0 0 0 0 0 0 0 0 0 0 H1E 
H1W 0 0 0 0 0 0 0 0 0 0 0 0 H1E 
H1W 0 0 0 0 0 0 0 0 0 0 0 0 H1E 
H1W 0 0 0 0 0 0 0 0 0 0 0 0 H1E 
H1W 0 0 0 0 0 0 0 0 0 0 0 0 H1E 
H1W 0 0 0 0 0 0 0 0 0 0 0 0 H1E 
G1WN H1S H1S H1S H1S H1S H1S H1S H1S H1S H1S H1S H1S G1SW 
A1N 0 0 0 0 0 0 0 0 0 0 0 0 A1N 
B1N 0 0 0 0 0 0 0 0 0 0 0 0 B1N 
C1N 0 0 0 0 0 0 0 0 0 0 0 0 C1N 
D1N 0 0 0 0 0 0 0 0 0 0 0 0 D1N 
E1N 0 0 0 0 0 0 0 0 0 0 0 0 E1N 
F1N 0 0 0 0 0 0 0 0 0 0 0 0 F1N 

G1NE
G1NE H1N H1N H1N H1N H1N H1N H1N H1N H1N H1N H1N H1N H1N 
H1W 0 0 0 0 0 0 0 0 0 0 0 0 0 
H1W 0 0 0 0 0 0 0 0 0 0 0 0 0 
H1W 0 0 0 0 0 0 0 0 0 0 0 0 0 
H1W 0 0 0 0 0 0 0 0 0 0 0 0 0 
H1W 0 0 0 0 0 0 0 0 0 0 0 0 0 
H1W 0 0 0 0 0 0 0 0 0 0 0 0 0 
H1W 0 0 0 0 0 0 0 0 0 0 0 0 0 
H1W 0 0 0 0 0 0 0 0 0 0 0 0 0 
H1W 0 0 0 0 0 0 0 0 0 0 0 0 0 
H1W 0 0 0 0 0 0 0 0 0 0 0 0 0 
H1W 0 0 0 0 0 0 0 0 0 0 0 0 0 
H1W 0 0 0 0 0 0 0 0 0 0 0 0 0 
H1W 0 0 0 0 0 0 0 0 0 0 0 0 0 

H1N
H1N H1N H1N H1N H1N H1N H1N H1N H1N H1N H1N H1N H1N H1N 
0 0 0 0 0 0 0 0 0 0 0 0 0 0 
0 0 0 0 0 0 0 0 0 0 0 0 0 0 
0 0 0 0 0 0 0 0 0 0 0 0 0 0 
0 0 0 0 0 0 0 0 0 0 0 0 0 0 
0 0 0 0 0 0 0 0 0 0 0 0 0 0 
0 0 0 0 0 0 0 0 0 0 0 0 0 0 
0 0 0 0 0 0 0 0 0 0 0 0 0 0 
0 0 0 0 0 0 0 0 0 0 0 0 0 0 
0 0 0 0 0 0 0 0 0 0 0 0 0 0 
0 0 0 0 0 0 0 0 0 0 0 0 0 0 
0 0 0 0 0 0 0 0 0 0 0 0 0 0 
0 0 0 0 0 0 0 0 0 0 0 0 0 0 
0 0 0 0 0 0 0 0 0 0 0 0 0 0 


=========================

Full morphism:

0
0 0 0 0 0 0 0 0 0 0 0 0 0 0 
0 0 0 0 0 0 0 0 0 0 0 0 0 0 
0 0 0 0 0 0 0 0 0 0 0 0 0 0 
0 0 0 0 0 0 0 0 0 0 0 0 0 0 
0 0 0 0 0 0 0 0 0 0 0 0 0 0 
0 0 0 0 0 0 0 0 0 0 0 0 0 0 
0 0 0 0 0 0 0 0 0 0 0 0 0 0 
0 0 0 0 0 0 0 0 0 0 0 0 0 0 
0 0 0 0 0 0 0 0 0 0 0 0 0 0 
0 0 0 0 0 0 0 0 0 0 0 0 0 0 
0 0 0 0 0 0 0 0 0 0 0 0 0 0 
0 0 0 0 0 0 0 0 0 0 0 0 0 0 
0 0 0 0 0 0 0 0 0 0 0 0 0 0 
0 0 0 0 0 0 0 0 0 0 0 0 0 0 

A1N
A1N 0 0 0 0 0 0 0 0 0 0 0 0 A1N 
B1N 0 0 0 0 0 0 0 0 0 0 0 0 B1N 
C1N 0 0 0 0 0 0 0 0 0 0 0 0 C1N 
D1N 0 0 0 0 0 0 0 0 0 0 0 0 D1N 
E1N 0 0 0 0 0 0 0 0 0 0 0 0 E1N 
F1N 0 0 0 0 0 0 0 0 0 0 0 0 F1N 
F1S 0 0 0 0 0 0 0 0 0 0 0 0 F1S 
E1S 0 0 0 0 0 0 0 0 0 0 0 0 E1S 
D1S 0 0 0 0 0 0 0 0 0 0 0 0 D1S 
C1S 0 0 0 0 0 0 0 0 0 0 0 0 C1S 
B1S 0 0 0 0 0 0 0 0 0 0 0 0 B1S 
A1S 0 0 0 0 0 0 0 0 0 0 0 0 A1S 
G1NE H1N H1N H1N H1N H1N H1N H1N H1N H1N H1N H1N H1N G1ES 
H1W 0 0 0 0 0 0 0 0 0 0 0 0 H1E 

A1E
H1N G1ES A1W B1W C1W D1W E1W F1W F1E E1E D1E C1E B1E A1E 
0 H1E 0 0 0 0 0 0 0 0 0 0 0 0 
0 H1E 0 0 0 0 0 0 0 0 0 0 0 0 
0 H1E 0 0 0 0 0 0 0 0 0 0 0 0 
0 H1E 0 0 0 0 0 0 0 0 0 0 0 0 
0 H1E 0 0 0 0 0 0 0 0 0 0 0 0 
0 H1E 0 0 0 0 0 0 0 0 0 0 0 0 
0 H1E 0 0 0 0 0 0 0 0 0 0 0 0 
0 H1E 0 0 0 0 0 0 0 0 0 0 0 0 
0 H1E 0 0 0 0 0 0 0 0 0 0 0 0 
0 H1E 0 0 0 0 0 0 0 0 0 0 0 0 
0 H1E 0 0 0 0 0 0 0 0 0 0 0 0 
0 H1E 0 0 0 0 0 0 0 0 0 0 0 0 
H1S G1SW A1W B1W C1W D1W E1W F1W F1E E1E D1E C1E B1E A1E 

A1S
H1W 0 0 0 0 0 0 0 0 0 0 0 0 H1E 
G1WN H1S H1S H1S H1S H1S H1S H1S H1S H1S H1S H1S H1S G1SW 
A1N 0 0 0 0 0 0 0 0 0 0 0 0 A1N 
B1N 0 0 0 0 0 0 0 0 0 0 0 0 B1N 
C1N 0 0 0 0 0 0 0 0 0 0 0 0 C1N 
D1N 0 0 0 0 0 0 0 0 0 0 0 0 D1N 
E1N 0 0 0 0 0 0 0 0 0 0 0 0 E1N 
F1N 0 0 0 0 0 0 0 0 0 0 0 0 F1N 
F1S 0 0 0 0 0 0 0 0 0 0 0 0 F1S 
E1S 0 0 0 0 0 0 0 0 0 0 0 0 E1S 
D1S 0 0 0 0 0 0 0 0 0 0 0 0 D1S 
C1S 0 0 0 0 0 0 0 0 0 0 0 0 C1S 
B1S 0 0 0 0 0 0 0 0 0 0 0 0 B1S 
A1S 0 0 0 0 0 0 0 0 0 0 0 0 A1S 

A1W
A1W B1W C1W D1W E1W F1W F1E E1E D1E C1E B1E A1E G1NE H1N 
0 0 0 0 0 0 0 0 0 0 0 0 H1W 0 
0 0 0 0 0 0 0 0 0 0 0 0 H1W 0 
0 0 0 0 0 0 0 0 0 0 0 0 H1W 0 
0 0 0 0 0 0 0 0 0 0 0 0 H1W 0 
0 0 0 0 0 0 0 0 0 0 0 0 H1W 0 
0 0 0 0 0 0 0 0 0 0 0 0 H1W 0 
0 0 0 0 0 0 0 0 0 0 0 0 H1W 0 
0 0 0 0 0 0 0 0 0 0 0 0 H1W 0 
0 0 0 0 0 0 0 0 0 0 0 0 H1W 0 
0 0 0 0 0 0 0 0 0 0 0 0 H1W 0 
0 0 0 0 0 0 0 0 0 0 0 0 H1W 0 
0 0 0 0 0 0 0 0 0 0 0 0 H1W 0 
A1W B1W C1W D1W E1W F1W F1E E1E D1E C1E B1E A1E G1WN H1S 

B1N
H1W 0 0 0 0 0 0 0 0 0 0 0 0 H1E 
H1W 0 0 0 0 0 0 0 0 0 0 0 0 H1E 
H1W 0 0 0 0 0 0 0 0 0 0 0 0 H1E 
H1W 0 0 0 0 0 0 0 0 0 0 0 0 H1E 
H1W 0 0 0 0 0 0 0 0 0 0 0 0 H1E 
H1W 0 0 0 0 0 0 0 0 0 0 0 0 H1E 
H1W 0 0 0 0 0 0 0 0 0 0 0 0 H1E 
H1W 0 0 0 0 0 0 0 0 0 0 0 0 H1E 
H1W 0 0 0 0 0 0 0 0 0 0 0 0 H1E 
H1W 0 0 0 0 0 0 0 0 0 0 0 0 H1E 
H1W 0 0 0 0 0 0 0 0 0 0 0 0 H1E 
G1WN H1S H1S H1S H1S H1S H1S H1S H1S H1S H1S H1S H1S G1SW 
A1N 0 0 0 0 0 0 0 0 0 0 0 0 A1N 
B1N 0 0 0 0 0 0 0 0 0 0 0 0 B1N 

B1E
B1E A1E G1NE H1N H1N H1N H1N H1N H1N H1N H1N H1N H1N H1N 
0 0 H1W 0 0 0 0 0 0 0 0 0 0 0 
0 0 H1W 0 0 0 0 0 0 0 0 0 0 0 
0 0 H1W 0 0 0 0 0 0 0 0 0 0 0 
0 0 H1W 0 0 0 0 0 0 0 0 0 0 0 
0 0 H1W 0 0 0 0 0 0 0 0 0 0 0 
0 0 H1W 0 0 0 0 0 0 0 0 0 0 0 
0 0 H1W 0 0 0 0 0 0 0 0 0 0 0 
0 0 H1W 0 0 0 0 0 0 0 0 0 0 0 
0 0 H1W 0 0 0 0 0 0 0 0 0 0 0 
0 0 H1W 0 0 0 0 0 0 0 0 0 0 0 
0 0 H1W 0 0 0 0 0 0 0 0 0 0 0 
0 0 H1W 0 0 0 0 0 0 0 0 0 0 0 
B1E A1E G1WN H1S H1S H1S H1S H1S H1S H1S H1S H1S H1S H1S 

B1S
B1S 0 0 0 0 0 0 0 0 0 0 0 0 B1S 
A1S 0 0 0 0 0 0 0 0 0 0 0 0 A1S 
G1NE H1N H1N H1N H1N H1N H1N H1N H1N H1N H1N H1N H1N G1ES 
H1W 0 0 0 0 0 0 0 0 0 0 0 0 H1E 
H1W 0 0 0 0 0 0 0 0 0 0 0 0 H1E 
H1W 0 0 0 0 0 0 0 0 0 0 0 0 H1E 
H1W 0 0 0 0 0 0 0 0 0 0 0 0 H1E 
H1W 0 0 0 0 0 0 0 0 0 0 0 0 H1E 
H1W 0 0 0 0 0 0 0 0 0 0 0 0 H1E 
H1W 0 0 0 0 0 0 0 0 0 0 0 0 H1E 
H1W 0 0 0 0 0 0 0 0 0 0 0 0 H1E 
H1W 0 0 0 0 0 0 0 0 0 0 0 0 H1E 
H1W 0 0 0 0 0 0 0 0 0 0 0 0 H1E 
H1W 0 0 0 0 0 0 0 0 0 0 0 0 H1E 

B1W
H1N H1N H1N H1N H1N H1N H1N H1N H1N H1N H1N G1ES A1W B1W 
0 0 0 0 0 0 0 0 0 0 0 H1E 0 0 
0 0 0 0 0 0 0 0 0 0 0 H1E 0 0 
0 0 0 0 0 0 0 0 0 0 0 H1E 0 0 
0 0 0 0 0 0 0 0 0 0 0 H1E 0 0 
0 0 0 0 0 0 0 0 0 0 0 H1E 0 0 
0 0 0 0 0 0 0 0 0 0 0 H1E 0 0 
0 0 0 0 0 0 0 0 0 0 0 H1E 0 0 
0 0 0 0 0 0 0 0 0 0 0 H1E 0 0 
0 0 0 0 0 0 0 0 0 0 0 H1E 0 0 
0 0 0 0 0 0 0 0 0 0 0 H1E 0 0 
0 0 0 0 0 0 0 0 0 0 0 H1E 0 0 
0 0 0 0 0 0 0 0 0 0 0 H1E 0 0 
H1S H1S H1S H1S H1S H1S H1S H1S H1S H1S H1S G1SW A1W B1W 

C1N
C1N 0 0 0 0 0 0 0 0 0 0 0 0 C1N 
D1N 0 0 0 0 0 0 0 0 0 0 0 0 D1N 
E1N 0 0 0 0 0 0 0 0 0 0 0 0 E1N 
F1N 0 0 0 0 0 0 0 0 0 0 0 0 F1N 
F1S 0 0 0 0 0 0 0 0 0 0 0 0 F1S 
E1S 0 0 0 0 0 0 0 0 0 0 0 0 E1S 
D1S 0 0 0 0 0 0 0 0 0 0 0 0 D1S 
C1S 0 0 0 0 0 0 0 0 0 0 0 0 C1S 
B1S 0 0 0 0 0 0 0 0 0 0 0 0 B1S 
A1S 0 0 0 0 0 0 0 0 0 0 0 0 A1S 
G1NE H1N H1N H1N H1N H1N H1N H1N H1N H1N H1N H1N H1N G1ES 
H1W 0 0 0 0 0 0 0 0 0 0 0 0 H1E 
H1W 0 0 0 0 0 0 0 0 0 0 0 0 H1E 
H1W 0 0 0 0 0 0 0 0 0 0 0 0 H1E 

C1E
H1N H1N H1N G1ES A1W B1W C1W D1W E1W F1W F1E E1E D1E C1E 
0 0 0 H1E 0 0 0 0 0 0 0 0 0 0 
0 0 0 H1E 0 0 0 0 0 0 0 0 0 0 
0 0 0 H1E 0 0 0 0 0 0 0 0 0 0 
0 0 0 H1E 0 0 0 0 0 0 0 0 0 0 
0 0 0 H1E 0 0 0 0 0 0 0 0 0 0 
0 0 0 H1E 0 0 0 0 0 0 0 0 0 0 
0 0 0 H1E 0 0 0 0 0 0 0 0 0 0 
0 0 0 H1E 0 0 0 0 0 0 0 0 0 0 
0 0 0 H1E 0 0 0 0 0 0 0 0 0 0 
0 0 0 H1E 0 0 0 0 0 0 0 0 0 0 
0 0 0 H1E 0 0 0 0 0 0 0 0 0 0 
0 0 0 H1E 0 0 0 0 0 0 0 0 0 0 
H1S H1S H1S G1SW A1W B1W C1W D1W E1W F1W F1E E1E D1E C1E 

C1S
H1W 0 0 0 0 0 0 0 0 0 0 0 0 H1E 
H1W 0 0 0 0 0 0 0 0 0 0 0 0 H1E 
H1W 0 0 0 0 0 0 0 0 0 0 0 0 H1E 
G1WN H1S H1S H1S H1S H1S H1S H1S H1S H1S H1S H1S H1S G1SW 
A1N 0 0 0 0 0 0 0 0 0 0 0 0 A1N 
B1N 0 0 0 0 0 0 0 0 0 0 0 0 B1N 
C1N 0 0 0 0 0 0 0 0 0 0 0 0 C1N 
D1N 0 0 0 0 0 0 0 0 0 0 0 0 D1N 
E1N 0 0 0 0 0 0 0 0 0 0 0 0 E1N 
F1N 0 0 0 0 0 0 0 0 0 0 0 0 F1N 
F1S 0 0 0 0 0 0 0 0 0 0 0 0 F1S 
E1S 0 0 0 0 0 0 0 0 0 0 0 0 E1S 
D1S 0 0 0 0 0 0 0 0 0 0 0 0 D1S 
C1S 0 0 0 0 0 0 0 0 0 0 0 0 C1S 

C1W
C1W D1W E1W F1W F1E E1E D1E C1E B1E A1E G1NE H1N H1N H1N 
0 0 0 0 0 0 0 0 0 0 H1W 0 0 0 
0 0 0 0 0 0 0 0 0 0 H1W 0 0 0 
0 0 0 0 0 0 0 0 0 0 H1W 0 0 0 
0 0 0 0 0 0 0 0 0 0 H1W 0 0 0 
0 0 0 0 0 0 0 0 0 0 H1W 0 0 0 
0 0 0 0 0 0 0 0 0 0 H1W 0 0 0 
0 0 0 0 0 0 0 0 0 0 H1W 0 0 0 
0 0 0 0 0 0 0 0 0 0 H1W 0 0 0 
0 0 0 0 0 0 0 0 0 0 H1W 0 0 0 
0 0 0 0 0 0 0 0 0 0 H1W 0 0 0 
0 0 0 0 0 0 0 0 0 0 H1W 0 0 0 
0 0 0 0 0 0 0 0 0 0 H1W 0 0 0 
C1W D1W E1W F1W F1E E1E D1E C1E B1E A1E G1WN H1S H1S H1S 

D1N
H1W 0 0 0 0 0 0 0 0 0 0 0 0 H1E 
H1W 0 0 0 0 0 0 0 0 0 0 0 0 H1E 
H1W 0 0 0 0 0 0 0 0 0 0 0 0 H1E 
H1W 0 0 0 0 0 0 0 0 0 0 0 0 H1E 
H1W 0 0 0 0 0 0 0 0 0 0 0 0 H1E 
H1W 0 0 0 0 0 0 0 0 0 0 0 0 H1E 
H1W 0 0 0 0 0 0 0 0 0 0 0 0 H1E 
H1W 0 0 0 0 0 0 0 0 0 0 0 0 H1E 
H1W 0 0 0 0 0 0 0 0 0 0 0 0 H1E 
G1WN H1S H1S H1S H1S H1S H1S H1S H1S H1S H1S H1S H1S G1SW 
A1N 0 0 0 0 0 0 0 0 0 0 0 0 A1N 
B1N 0 0 0 0 0 0 0 0 0 0 0 0 B1N 
C1N 0 0 0 0 0 0 0 0 0 0 0 0 C1N 
D1N 0 0 0 0 0 0 0 0 0 0 0 0 D1N 

D1E
D1E C1E B1E A1E G1NE H1N H1N H1N H1N H1N H1N H1N H1N H1N 
0 0 0 0 H1W 0 0 0 0 0 0 0 0 0 
0 0 0 0 H1W 0 0 0 0 0 0 0 0 0 
0 0 0 0 H1W 0 0 0 0 0 0 0 0 0 
0 0 0 0 H1W 0 0 0 0 0 0 0 0 0 
0 0 0 0 H1W 0 0 0 0 0 0 0 0 0 
0 0 0 0 H1W 0 0 0 0 0 0 0 0 0 
0 0 0 0 H1W 0 0 0 0 0 0 0 0 0 
0 0 0 0 H1W 0 0 0 0 0 0 0 0 0 
0 0 0 0 H1W 0 0 0 0 0 0 0 0 0 
0 0 0 0 H1W 0 0 0 0 0 0 0 0 0 
0 0 0 0 H1W 0 0 0 0 0 0 0 0 0 
0 0 0 0 H1W 0 0 0 0 0 0 0 0 0 
D1E C1E B1E A1E G1WN H1S H1S H1S H1S H1S H1S H1S H1S H1S 

D1S
D1S 0 0 0 0 0 0 0 0 0 0 0 0 D1S 
C1S 0 0 0 0 0 0 0 0 0 0 0 0 C1S 
B1S 0 0 0 0 0 0 0 0 0 0 0 0 B1S 
A1S 0 0 0 0 0 0 0 0 0 0 0 0 A1S 
G1NE H1N H1N H1N H1N H1N H1N H1N H1N H1N H1N H1N H1N G1ES 
H1W 0 0 0 0 0 0 0 0 0 0 0 0 H1E 
H1W 0 0 0 0 0 0 0 0 0 0 0 0 H1E 
H1W 0 0 0 0 0 0 0 0 0 0 0 0 H1E 
H1W 0 0 0 0 0 0 0 0 0 0 0 0 H1E 
H1W 0 0 0 0 0 0 0 0 0 0 0 0 H1E 
H1W 0 0 0 0 0 0 0 0 0 0 0 0 H1E 
H1W 0 0 0 0 0 0 0 0 0 0 0 0 H1E 
H1W 0 0 0 0 0 0 0 0 0 0 0 0 H1E 
H1W 0 0 0 0 0 0 0 0 0 0 0 0 H1E 

D1W
H1N H1N H1N H1N H1N H1N H1N H1N H1N G1ES A1W B1W C1W D1W 
0 0 0 0 0 0 0 0 0 H1E 0 0 0 0 
0 0 0 0 0 0 0 0 0 H1E 0 0 0 0 
0 0 0 0 0 0 0 0 0 H1E 0 0 0 0 
0 0 0 0 0 0 0 0 0 H1E 0 0 0 0 
0 0 0 0 0 0 0 0 0 H1E 0 0 0 0 
0 0 0 0 0 0 0 0 0 H1E 0 0 0 0 
0 0 0 0 0 0 0 0 0 H1E 0 0 0 0 
0 0 0 0 0 0 0 0 0 H1E 0 0 0 0 
0 0 0 0 0 0 0 0 0 H1E 0 0 0 0 
0 0 0 0 0 0 0 0 0 H1E 0 0 0 0 
0 0 0 0 0 0 0 0 0 H1E 0 0 0 0 
0 0 0 0 0 0 0 0 0 H1E 0 0 0 0 
H1S H1S H1S H1S H1S H1S H1S H1S H1S G1SW A1W B1W C1W D1W 

E1N
E1N 0 0 0 0 0 0 0 0 0 0 0 0 E1N 
F1N 0 0 0 0 0 0 0 0 0 0 0 0 F1N 
F1S 0 0 0 0 0 0 0 0 0 0 0 0 F1S 
E1S 0 0 0 0 0 0 0 0 0 0 0 0 E1S 
D1S 0 0 0 0 0 0 0 0 0 0 0 0 D1S 
C1S 0 0 0 0 0 0 0 0 0 0 0 0 C1S 
B1S 0 0 0 0 0 0 0 0 0 0 0 0 B1S 
A1S 0 0 0 0 0 0 0 0 0 0 0 0 A1S 
G1NE H1N H1N H1N H1N H1N H1N H1N H1N H1N H1N H1N H1N G1ES 
H1W 0 0 0 0 0 0 0 0 0 0 0 0 H1E 
H1W 0 0 0 0 0 0 0 0 0 0 0 0 H1E 
H1W 0 0 0 0 0 0 0 0 0 0 0 0 H1E 
H1W 0 0 0 0 0 0 0 0 0 0 0 0 H1E 
H1W 0 0 0 0 0 0 0 0 0 0 0 0 H1E 

E1E
H1N H1N H1N H1N H1N G1ES A1W B1W C1W D1W E1W F1W F1E E1E 
0 0 0 0 0 H1E 0 0 0 0 0 0 0 0 
0 0 0 0 0 H1E 0 0 0 0 0 0 0 0 
0 0 0 0 0 H1E 0 0 0 0 0 0 0 0 
0 0 0 0 0 H1E 0 0 0 0 0 0 0 0 
0 0 0 0 0 H1E 0 0 0 0 0 0 0 0 
0 0 0 0 0 H1E 0 0 0 0 0 0 0 0 
0 0 0 0 0 H1E 0 0 0 0 0 0 0 0 
0 0 0 0 0 H1E 0 0 0 0 0 0 0 0 
0 0 0 0 0 H1E 0 0 0 0 0 0 0 0 
0 0 0 0 0 H1E 0 0 0 0 0 0 0 0 
0 0 0 0 0 H1E 0 0 0 0 0 0 0 0 
0 0 0 0 0 H1E 0 0 0 0 0 0 0 0 
H1S H1S H1S H1S H1S G1SW A1W B1W C1W D1W E1W F1W F1E E1E 

E1S
H1W 0 0 0 0 0 0 0 0 0 0 0 0 H1E 
H1W 0 0 0 0 0 0 0 0 0 0 0 0 H1E 
H1W 0 0 0 0 0 0 0 0 0 0 0 0 H1E 
H1W 0 0 0 0 0 0 0 0 0 0 0 0 H1E 
H1W 0 0 0 0 0 0 0 0 0 0 0 0 H1E 
G1WN H1S H1S H1S H1S H1S H1S H1S H1S H1S H1S H1S H1S G1SW 
A1N 0 0 0 0 0 0 0 0 0 0 0 0 A1N 
B1N 0 0 0 0 0 0 0 0 0 0 0 0 B1N 
C1N 0 0 0 0 0 0 0 0 0 0 0 0 C1N 
D1N 0 0 0 0 0 0 0 0 0 0 0 0 D1N 
E1N 0 0 0 0 0 0 0 0 0 0 0 0 E1N 
F1N 0 0 0 0 0 0 0 0 0 0 0 0 F1N 
F1S 0 0 0 0 0 0 0 0 0 0 0 0 F1S 
E1S 0 0 0 0 0 0 0 0 0 0 0 0 E1S 

E1W
E1W F1W F1E E1E D1E C1E B1E A1E G1NE H1N H1N H1N H1N H1N 
0 0 0 0 0 0 0 0 H1W 0 0 0 0 0 
0 0 0 0 0 0 0 0 H1W 0 0 0 0 0 
0 0 0 0 0 0 0 0 H1W 0 0 0 0 0 
0 0 0 0 0 0 0 0 H1W 0 0 0 0 0 
0 0 0 0 0 0 0 0 H1W 0 0 0 0 0 
0 0 0 0 0 0 0 0 H1W 0 0 0 0 0 
0 0 0 0 0 0 0 0 H1W 0 0 0 0 0 
0 0 0 0 0 0 0 0 H1W 0 0 0 0 0 
0 0 0 0 0 0 0 0 H1W 0 0 0 0 0 
0 0 0 0 0 0 0 0 H1W 0 0 0 0 0 
0 0 0 0 0 0 0 0 H1W 0 0 0 0 0 
0 0 0 0 0 0 0 0 H1W 0 0 0 0 0 
E1W F1W F1E E1E D1E C1E B1E A1E G1WN H1S H1S H1S H1S H1S 

F1N
H1W 0 0 0 0 0 0 0 0 0 0 0 0 H1E 
H1W 0 0 0 0 0 0 0 0 0 0 0 0 H1E 
H1W 0 0 0 0 0 0 0 0 0 0 0 0 H1E 
H1W 0 0 0 0 0 0 0 0 0 0 0 0 H1E 
H1W 0 0 0 0 0 0 0 0 0 0 0 0 H1E 
H1W 0 0 0 0 0 0 0 0 0 0 0 0 H1E 
H1W 0 0 0 0 0 0 0 0 0 0 0 0 H1E 
G1WN H1S H1S H1S H1S H1S H1S H1S H1S H1S H1S H1S H1S G1SW 
A1N 0 0 0 0 0 0 0 0 0 0 0 0 A1N 
B1N 0 0 0 0 0 0 0 0 0 0 0 0 B1N 
C1N 0 0 0 0 0 0 0 0 0 0 0 0 C1N 
D1N 0 0 0 0 0 0 0 0 0 0 0 0 D1N 
E1N 0 0 0 0 0 0 0 0 0 0 0 0 E1N 
F1N 0 0 0 0 0 0 0 0 0 0 0 0 F1N 

F1E
F1E E1E D1E C1E B1E A1E G1NE H1N H1N H1N H1N H1N H1N H1N 
0 0 0 0 0 0 H1W 0 0 0 0 0 0 0 
0 0 0 0 0 0 H1W 0 0 0 0 0 0 0 
0 0 0 0 0 0 H1W 0 0 0 0 0 0 0 
0 0 0 0 0 0 H1W 0 0 0 0 0 0 0 
0 0 0 0 0 0 H1W 0 0 0 0 0 0 0 
0 0 0 0 0 0 H1W 0 0 0 0 0 0 0 
0 0 0 0 0 0 H1W 0 0 0 0 0 0 0 
0 0 0 0 0 0 H1W 0 0 0 0 0 0 0 
0 0 0 0 0 0 H1W 0 0 0 0 0 0 0 
0 0 0 0 0 0 H1W 0 0 0 0 0 0 0 
0 0 0 0 0 0 H1W 0 0 0 0 0 0 0 
0 0 0 0 0 0 H1W 0 0 0 0 0 0 0 
F1E E1E D1E C1E B1E A1E G1WN H1S H1S H1S H1S H1S H1S H1S 

F1S
F1S 0 0 0 0 0 0 0 0 0 0 0 0 F1S 
E1S 0 0 0 0 0 0 0 0 0 0 0 0 E1S 
D1S 0 0 0 0 0 0 0 0 0 0 0 0 D1S 
C1S 0 0 0 0 0 0 0 0 0 0 0 0 C1S 
B1S 0 0 0 0 0 0 0 0 0 0 0 0 B1S 
A1S 0 0 0 0 0 0 0 0 0 0 0 0 A1S 
G1NE H1N H1N H1N H1N H1N H1N H1N H1N H1N H1N H1N H1N G1ES 
H1W 0 0 0 0 0 0 0 0 0 0 0 0 H1E 
H1W 0 0 0 0 0 0 0 0 0 0 0 0 H1E 
H1W 0 0 0 0 0 0 0 0 0 0 0 0 H1E 
H1W 0 0 0 0 0 0 0 0 0 0 0 0 H1E 
H1W 0 0 0 0 0 0 0 0 0 0 0 0 H1E 
H1W 0 0 0 0 0 0 0 0 0 0 0 0 H1E 
H1W 0 0 0 0 0 0 0 0 0 0 0 0 H1E 

F1W
H1N H1N H1N H1N H1N H1N H1N G1ES A1W B1W C1W D1W E1W F1W 
0 0 0 0 0 0 0 H1E 0 0 0 0 0 0 
0 0 0 0 0 0 0 H1E 0 0 0 0 0 0 
0 0 0 0 0 0 0 H1E 0 0 0 0 0 0 
0 0 0 0 0 0 0 H1E 0 0 0 0 0 0 
0 0 0 0 0 0 0 H1E 0 0 0 0 0 0 
0 0 0 0 0 0 0 H1E 0 0 0 0 0 0 
0 0 0 0 0 0 0 H1E 0 0 0 0 0 0 
0 0 0 0 0 0 0 H1E 0 0 0 0 0 0 
0 0 0 0 0 0 0 H1E 0 0 0 0 0 0 
0 0 0 0 0 0 0 H1E 0 0 0 0 0 0 
0 0 0 0 0 0 0 H1E 0 0 0 0 0 0 
0 0 0 0 0 0 0 H1E 0 0 0 0 0 0 
H1S H1S H1S H1S H1S H1S H1S G1SW A1W B1W C1W D1W E1W F1W 

G1NE
G1NE H1N H1N H1N H1N H1N H1N H1N H1N H1N H1N H1N H1N H1N 
H1W 0 0 0 0 0 0 0 0 0 0 0 0 0 
H1W 0 0 0 0 0 0 0 0 0 0 0 0 0 
H1W 0 0 0 0 0 0 0 0 0 0 0 0 0 
H1W 0 0 0 0 0 0 0 0 0 0 0 0 0 
H1W 0 0 0 0 0 0 0 0 0 0 0 0 0 
H1W 0 0 0 0 0 0 0 0 0 0 0 0 0 
H1W 0 0 0 0 0 0 0 0 0 0 0 0 0 
H1W 0 0 0 0 0 0 0 0 0 0 0 0 0 
H1W 0 0 0 0 0 0 0 0 0 0 0 0 0 
H1W 0 0 0 0 0 0 0 0 0 0 0 0 0 
H1W 0 0 0 0 0 0 0 0 0 0 0 0 0 
H1W 0 0 0 0 0 0 0 0 0 0 0 0 0 
H1W 0 0 0 0 0 0 0 0 0 0 0 0 0 

G1ES
H1N H1N H1N H1N H1N H1N H1N H1N H1N H1N H1N H1N H1N G1ES 
0 0 0 0 0 0 0 0 0 0 0 0 0 H1E 
0 0 0 0 0 0 0 0 0 0 0 0 0 H1E 
0 0 0 0 0 0 0 0 0 0 0 0 0 H1E 
0 0 0 0 0 0 0 0 0 0 0 0 0 H1E 
0 0 0 0 0 0 0 0 0 0 0 0 0 H1E 
0 0 0 0 0 0 0 0 0 0 0 0 0 H1E 
0 0 0 0 0 0 0 0 0 0 0 0 0 H1E 
0 0 0 0 0 0 0 0 0 0 0 0 0 H1E 
0 0 0 0 0 0 0 0 0 0 0 0 0 H1E 
0 0 0 0 0 0 0 0 0 0 0 0 0 H1E 
0 0 0 0 0 0 0 0 0 0 0 0 0 H1E 
0 0 0 0 0 0 0 0 0 0 0 0 0 H1E 
0 0 0 0 0 0 0 0 0 0 0 0 0 H1E 

G1SW
0 0 0 0 0 0 0 0 0 0 0 0 0 H1E 
0 0 0 0 0 0 0 0 0 0 0 0 0 H1E 
0 0 0 0 0 0 0 0 0 0 0 0 0 H1E 
0 0 0 0 0 0 0 0 0 0 0 0 0 H1E 
0 0 0 0 0 0 0 0 0 0 0 0 0 H1E 
0 0 0 0 0 0 0 0 0 0 0 0 0 H1E 
0 0 0 0 0 0 0 0 0 0 0 0 0 H1E 
0 0 0 0 0 0 0 0 0 0 0 0 0 H1E 
0 0 0 0 0 0 0 0 0 0 0 0 0 H1E 
0 0 0 0 0 0 0 0 0 0 0 0 0 H1E 
0 0 0 0 0 0 0 0 0 0 0 0 0 H1E 
0 0 0 0 0 0 0 0 0 0 0 0 0 H1E 
0 0 0 0 0 0 0 0 0 0 0 0 0 H1E 
H1S H1S H1S H1S H1S H1S H1S H1S H1S H1S H1S H1S H1S G1SW 

G1WN
H1W 0 0 0 0 0 0 0 0 0 0 0 0 0 
H1W 0 0 0 0 0 0 0 0 0 0 0 0 0 
H1W 0 0 0 0 0 0 0 0 0 0 0 0 0 
H1W 0 0 0 0 0 0 0 0 0 0 0 0 0 
H1W 0 0 0 0 0 0 0 0 0 0 0 0 0 
H1W 0 0 0 0 0 0 0 0 0 0 0 0 0 
H1W 0 0 0 0 0 0 0 0 0 0 0 0 0 
H1W 0 0 0 0 0 0 0 0 0 0 0 0 0 
H1W 0 0 0 0 0 0 0 0 0 0 0 0 0 
H1W 0 0 0 0 0 0 0 0 0 0 0 0 0 
H1W 0 0 0 0 0 0 0 0 0 0 0 0 0 
H1W 0 0 0 0 0 0 0 0 0 0 0 0 0 
H1W 0 0 0 0 0 0 0 0 0 0 0 0 0 
G1WN H1S H1S H1S H1S H1S H1S H1S H1S H1S H1S H1S H1S H1S 

G1NW
H1N H1N H1N H1N H1N H1N H1N H1N H1N H1N H1N H1N H1N G1NW 
0 0 0 0 0 0 0 0 0 0 0 0 0 H1E 
0 0 0 0 0 0 0 0 0 0 0 0 0 H1E 
0 0 0 0 0 0 0 0 0 0 0 0 0 H1E 
0 0 0 0 0 0 0 0 0 0 0 0 0 H1E 
0 0 0 0 0 0 0 0 0 0 0 0 0 H1E 
0 0 0 0 0 0 0 0 0 0 0 0 0 H1E 
0 0 0 0 0 0 0 0 0 0 0 0 0 H1E 
0 0 0 0 0 0 0 0 0 0 0 0 0 H1E 
0 0 0 0 0 0 0 0 0 0 0 0 0 H1E 
0 0 0 0 0 0 0 0 0 0 0 0 0 H1E 
0 0 0 0 0 0 0 0 0 0 0 0 0 H1E 
0 0 0 0 0 0 0 0 0 0 0 0 0 H1E 
0 0 0 0 0 0 0 0 0 0 0 0 0 H1E 

G1EN
0 0 0 0 0 0 0 0 0 0 0 0 0 H1E 
0 0 0 0 0 0 0 0 0 0 0 0 0 H1E 
0 0 0 0 0 0 0 0 0 0 0 0 0 H1E 
0 0 0 0 0 0 0 0 0 0 0 0 0 H1E 
0 0 0 0 0 0 0 0 0 0 0 0 0 H1E 
0 0 0 0 0 0 0 0 0 0 0 0 0 H1E 
0 0 0 0 0 0 0 0 0 0 0 0 0 H1E 
0 0 0 0 0 0 0 0 0 0 0 0 0 H1E 
0 0 0 0 0 0 0 0 0 0 0 0 0 H1E 
0 0 0 0 0 0 0 0 0 0 0 0 0 H1E 
0 0 0 0 0 0 0 0 0 0 0 0 0 H1E 
0 0 0 0 0 0 0 0 0 0 0 0 0 H1E 
0 0 0 0 0 0 0 0 0 0 0 0 0 H1E 
H1S H1S H1S H1S H1S H1S H1S H1S H1S H1S H1S H1S H1S G1EN 

G1SE
H1W 0 0 0 0 0 0 0 0 0 0 0 0 0 
H1W 0 0 0 0 0 0 0 0 0 0 0 0 0 
H1W 0 0 0 0 0 0 0 0 0 0 0 0 0 
H1W 0 0 0 0 0 0 0 0 0 0 0 0 0 
H1W 0 0 0 0 0 0 0 0 0 0 0 0 0 
H1W 0 0 0 0 0 0 0 0 0 0 0 0 0 
H1W 0 0 0 0 0 0 0 0 0 0 0 0 0 
H1W 0 0 0 0 0 0 0 0 0 0 0 0 0 
H1W 0 0 0 0 0 0 0 0 0 0 0 0 0 
H1W 0 0 0 0 0 0 0 0 0 0 0 0 0 
H1W 0 0 0 0 0 0 0 0 0 0 0 0 0 
H1W 0 0 0 0 0 0 0 0 0 0 0 0 0 
H1W 0 0 0 0 0 0 0 0 0 0 0 0 0 
G1SE H1S H1S H1S H1S H1S H1S H1S H1S H1S H1S H1S H1S H1S 

G1WS
G1WS H1N H1N H1N H1N H1N H1N H1N H1N H1N H1N H1N H1N H1N 
H1W 0 0 0 0 0 0 0 0 0 0 0 0 0 
H1W 0 0 0 0 0 0 0 0 0 0 0 0 0 
H1W 0 0 0 0 0 0 0 0 0 0 0 0 0 
H1W 0 0 0 0 0 0 0 0 0 0 0 0 0 
H1W 0 0 0 0 0 0 0 0 0 0 0 0 0 
H1W 0 0 0 0 0 0 0 0 0 0 0 0 0 
H1W 0 0 0 0 0 0 0 0 0 0 0 0 0 
H1W 0 0 0 0 0 0 0 0 0 0 0 0 0 
H1W 0 0 0 0 0 0 0 0 0 0 0 0 0 
H1W 0 0 0 0 0 0 0 0 0 0 0 0 0 
H1W 0 0 0 0 0 0 0 0 0 0 0 0 0 
H1W 0 0 0 0 0 0 0 0 0 0 0 0 0 
H1W 0 0 0 0 0 0 0 0 0 0 0 0 0 

H1N
H1N H1N H1N H1N H1N H1N H1N H1N H1N H1N H1N H1N H1N H1N 
0 0 0 0 0 0 0 0 0 0 0 0 0 0 
0 0 0 0 0 0 0 0 0 0 0 0 0 0 
0 0 0 0 0 0 0 0 0 0 0 0 0 0 
0 0 0 0 0 0 0 0 0 0 0 0 0 0 
0 0 0 0 0 0 0 0 0 0 0 0 0 0 
0 0 0 0 0 0 0 0 0 0 0 0 0 0 
0 0 0 0 0 0 0 0 0 0 0 0 0 0 
0 0 0 0 0 0 0 0 0 0 0 0 0 0 
0 0 0 0 0 0 0 0 0 0 0 0 0 0 
0 0 0 0 0 0 0 0 0 0 0 0 0 0 
0 0 0 0 0 0 0 0 0 0 0 0 0 0 
0 0 0 0 0 0 0 0 0 0 0 0 0 0 
0 0 0 0 0 0 0 0 0 0 0 0 0 0 

H1E
0 0 0 0 0 0 0 0 0 0 0 0 0 H1E 
0 0 0 0 0 0 0 0 0 0 0 0 0 H1E 
0 0 0 0 0 0 0 0 0 0 0 0 0 H1E 
0 0 0 0 0 0 0 0 0 0 0 0 0 H1E 
0 0 0 0 0 0 0 0 0 0 0 0 0 H1E 
0 0 0 0 0 0 0 0 0 0 0 0 0 H1E 
0 0 0 0 0 0 0 0 0 0 0 0 0 H1E 
0 0 0 0 0 0 0 0 0 0 0 0 0 H1E 
0 0 0 0 0 0 0 0 0 0 0 0 0 H1E 
0 0 0 0 0 0 0 0 0 0 0 0 0 H1E 
0 0 0 0 0 0 0 0 0 0 0 0 0 H1E 
0 0 0 0 0 0 0 0 0 0 0 0 0 H1E 
0 0 0 0 0 0 0 0 0 0 0 0 0 H1E 
0 0 0 0 0 0 0 0 0 0 0 0 0 H1E 

H1S
0 0 0 0 0 0 0 0 0 0 0 0 0 0 
0 0 0 0 0 0 0 0 0 0 0 0 0 0 
0 0 0 0 0 0 0 0 0 0 0 0 0 0 
0 0 0 0 0 0 0 0 0 0 0 0 0 0 
0 0 0 0 0 0 0 0 0 0 0 0 0 0 
0 0 0 0 0 0 0 0 0 0 0 0 0 0 
0 0 0 0 0 0 0 0 0 0 0 0 0 0 
0 0 0 0 0 0 0 0 0 0 0 0 0 0 
0 0 0 0 0 0 0 0 0 0 0 0 0 0 
0 0 0 0 0 0 0 0 0 0 0 0 0 0 
0 0 0 0 0 0 0 0 0 0 0 0 0 0 
0 0 0 0 0 0 0 0 0 0 0 0 0 0 
0 0 0 0 0 0 0 0 0 0 0 0 0 0 
H1S H1S H1S H1S H1S H1S H1S H1S H1S H1S H1S H1S H1S H1S 

H1W
H1W 0 0 0 0 0 0 0 0 0 0 0 0 0 
H1W 0 0 0 0 0 0 0 0 0 0 0 0 0 
H1W 0 0 0 0 0 0 0 0 0 0 0 0 0 
H1W 0 0 0 0 0 0 0 0 0 0 0 0 0 
H1W 0 0 0 0 0 0 0 0 0 0 0 0 0 
H1W 0 0 0 0 0 0 0 0 0 0 0 0 0 
H1W 0 0 0 0 0 0 0 0 0 0 0 0 0 
H1W 0 0 0 0 0 0 0 0 0 0 0 0 0 
H1W 0 0 0 0 0 0 0 0 0 0 0 0 0 
H1W 0 0 0 0 0 0 0 0 0 0 0 0 0 
H1W 0 0 0 0 0 0 0 0 0 0 0 0 0 
H1W 0 0 0 0 0 0 0 0 0 0 0 0 0 
H1W 0 0 0 0 0 0 0 0 0 0 0 0 0 
H1W 0 0 0 0 0 0 0 0 0 0 0 0 0 


=========================

Coding:

0 0

A1N 1

A1E 1

A1S 1

A1W 1

B1N 1

B1E 1

B1S 1

B1W 1

C1N 1

C1E 1

C1S 1

C1W 1

D1N 1

D1E 1

D1S 1

D1W 1

E1N 1

E1E 1

E1S 1

E1W 1

F1N 1

F1E 1

F1S 1

F1W 1

G1NE 1

G1ES 1

G1SW 1

G1WN 1

G1NW 1

G1EN 1

G1SE 1

G1WS 1

H1N 1

H1E 1

H1S 1

H1W 1

