Canonical morphism

0
0 0 0 0 0 0 0 0 0 0 0 0 
0 0 0 0 0 0 0 0 0 0 0 0 
0 0 0 0 0 0 0 0 0 0 0 0 
0 0 0 0 0 0 0 0 0 0 0 0 
0 0 0 0 0 0 0 0 0 0 0 0 
0 0 0 0 0 0 0 0 0 0 0 0 
0 0 0 0 0 0 0 0 0 0 0 0 
0 0 0 0 0 0 0 0 0 0 0 0 
0 0 0 0 0 0 0 0 0 0 0 0 
0 0 0 0 0 0 0 0 0 0 0 0 
0 0 0 0 0 0 0 0 0 0 0 0 
0 0 0 0 0 0 0 0 0 0 0 0 

A1N
A1N 0 0 0 0 0 0 0 0 0 0 A1N 
B1N 0 0 0 0 0 0 0 0 0 0 B1N 
C1N 0 0 0 0 0 0 0 0 0 0 C1N 
D1N 0 0 0 0 0 0 0 0 0 0 D1N 
E1N 0 0 0 0 0 0 0 0 0 0 E1N 
E1S 0 0 0 0 0 0 0 0 0 0 E1S 
D1S 0 0 0 0 0 0 0 0 0 0 D1S 
C1S 0 0 0 0 0 0 0 0 0 0 C1S 
B1S 0 0 0 0 0 0 0 0 0 0 B1S 
A1S 0 0 0 0 0 0 0 0 0 0 A1S 
F1NE G1N G1N G1N G1N G1N G1N G1N G1N G1N G1N F1ES 
G1W 0 0 0 0 0 0 0 0 0 0 G1E 

B1N
G1W 0 0 0 0 0 0 0 0 0 0 G1E 
G1W 0 0 0 0 0 0 0 0 0 0 G1E 
G1W 0 0 0 0 0 0 0 0 0 0 G1E 
G1W 0 0 0 0 0 0 0 0 0 0 G1E 
G1W 0 0 0 0 0 0 0 0 0 0 G1E 
G1W 0 0 0 0 0 0 0 0 0 0 G1E 
G1W 0 0 0 0 0 0 0 0 0 0 G1E 
G1W 0 0 0 0 0 0 0 0 0 0 G1E 
G1W 0 0 0 0 0 0 0 0 0 0 G1E 
F1WN G1S G1S G1S G1S G1S G1S G1S G1S G1S G1S F1SW 
A1N 0 0 0 0 0 0 0 0 0 0 A1N 
B1N 0 0 0 0 0 0 0 0 0 0 B1N 

C1N
C1N 0 0 0 0 0 0 0 0 0 0 C1N 
D1N 0 0 0 0 0 0 0 0 0 0 D1N 
E1N 0 0 0 0 0 0 0 0 0 0 E1N 
E1S 0 0 0 0 0 0 0 0 0 0 E1S 
D1S 0 0 0 0 0 0 0 0 0 0 D1S 
C1S 0 0 0 0 0 0 0 0 0 0 C1S 
B1S 0 0 0 0 0 0 0 0 0 0 B1S 
A1S 0 0 0 0 0 0 0 0 0 0 A1S 
F1NE G1N G1N G1N G1N G1N G1N G1N G1N G1N G1N F1ES 
G1W 0 0 0 0 0 0 0 0 0 0 G1E 
G1W 0 0 0 0 0 0 0 0 0 0 G1E 
G1W 0 0 0 0 0 0 0 0 0 0 G1E 

D1N
G1W 0 0 0 0 0 0 0 0 0 0 G1E 
G1W 0 0 0 0 0 0 0 0 0 0 G1E 
G1W 0 0 0 0 0 0 0 0 0 0 G1E 
G1W 0 0 0 0 0 0 0 0 0 0 G1E 
G1W 0 0 0 0 0 0 0 0 0 0 G1E 
G1W 0 0 0 0 0 0 0 0 0 0 G1E 
G1W 0 0 0 0 0 0 0 0 0 0 G1E 
F1WN G1S G1S G1S G1S G1S G1S G1S G1S G1S G1S F1SW 
A1N 0 0 0 0 0 0 0 0 0 0 A1N 
B1N 0 0 0 0 0 0 0 0 0 0 B1N 
C1N 0 0 0 0 0 0 0 0 0 0 C1N 
D1N 0 0 0 0 0 0 0 0 0 0 D1N 

E1N
E1N 0 0 0 0 0 0 0 0 0 0 E1N 
E1S 0 0 0 0 0 0 0 0 0 0 E1S 
D1S 0 0 0 0 0 0 0 0 0 0 D1S 
C1S 0 0 0 0 0 0 0 0 0 0 C1S 
B1S 0 0 0 0 0 0 0 0 0 0 B1S 
A1S 0 0 0 0 0 0 0 0 0 0 A1S 
F1NE G1N G1N G1N G1N G1N G1N G1N G1N G1N G1N F1ES 
G1W 0 0 0 0 0 0 0 0 0 0 G1E 
G1W 0 0 0 0 0 0 0 0 0 0 G1E 
G1W 0 0 0 0 0 0 0 0 0 0 G1E 
G1W 0 0 0 0 0 0 0 0 0 0 G1E 
G1W 0 0 0 0 0 0 0 0 0 0 G1E 

F1NE
F1NE G1N G1N G1N G1N G1N G1N G1N G1N G1N G1N G1N 
G1W 0 0 0 0 0 0 0 0 0 0 0 
G1W 0 0 0 0 0 0 0 0 0 0 0 
G1W 0 0 0 0 0 0 0 0 0 0 0 
G1W 0 0 0 0 0 0 0 0 0 0 0 
G1W 0 0 0 0 0 0 0 0 0 0 0 
G1W 0 0 0 0 0 0 0 0 0 0 0 
G1W 0 0 0 0 0 0 0 0 0 0 0 
G1W 0 0 0 0 0 0 0 0 0 0 0 
G1W 0 0 0 0 0 0 0 0 0 0 0 
G1W 0 0 0 0 0 0 0 0 0 0 0 
G1W 0 0 0 0 0 0 0 0 0 0 0 

G1N
G1N G1N G1N G1N G1N G1N G1N G1N G1N G1N G1N G1N 
0 0 0 0 0 0 0 0 0 0 0 0 
0 0 0 0 0 0 0 0 0 0 0 0 
0 0 0 0 0 0 0 0 0 0 0 0 
0 0 0 0 0 0 0 0 0 0 0 0 
0 0 0 0 0 0 0 0 0 0 0 0 
0 0 0 0 0 0 0 0 0 0 0 0 
0 0 0 0 0 0 0 0 0 0 0 0 
0 0 0 0 0 0 0 0 0 0 0 0 
0 0 0 0 0 0 0 0 0 0 0 0 
0 0 0 0 0 0 0 0 0 0 0 0 
0 0 0 0 0 0 0 0 0 0 0 0 


=========================

Full morphism:

0
0 0 0 0 0 0 0 0 0 0 0 0 
0 0 0 0 0 0 0 0 0 0 0 0 
0 0 0 0 0 0 0 0 0 0 0 0 
0 0 0 0 0 0 0 0 0 0 0 0 
0 0 0 0 0 0 0 0 0 0 0 0 
0 0 0 0 0 0 0 0 0 0 0 0 
0 0 0 0 0 0 0 0 0 0 0 0 
0 0 0 0 0 0 0 0 0 0 0 0 
0 0 0 0 0 0 0 0 0 0 0 0 
0 0 0 0 0 0 0 0 0 0 0 0 
0 0 0 0 0 0 0 0 0 0 0 0 
0 0 0 0 0 0 0 0 0 0 0 0 

A1N
A1N 0 0 0 0 0 0 0 0 0 0 A1N 
B1N 0 0 0 0 0 0 0 0 0 0 B1N 
C1N 0 0 0 0 0 0 0 0 0 0 C1N 
D1N 0 0 0 0 0 0 0 0 0 0 D1N 
E1N 0 0 0 0 0 0 0 0 0 0 E1N 
E1S 0 0 0 0 0 0 0 0 0 0 E1S 
D1S 0 0 0 0 0 0 0 0 0 0 D1S 
C1S 0 0 0 0 0 0 0 0 0 0 C1S 
B1S 0 0 0 0 0 0 0 0 0 0 B1S 
A1S 0 0 0 0 0 0 0 0 0 0 A1S 
F1NE G1N G1N G1N G1N G1N G1N G1N G1N G1N G1N F1ES 
G1W 0 0 0 0 0 0 0 0 0 0 G1E 

A1E
G1N F1ES A1W B1W C1W D1W E1W E1E D1E C1E B1E A1E 
0 G1E 0 0 0 0 0 0 0 0 0 0 
0 G1E 0 0 0 0 0 0 0 0 0 0 
0 G1E 0 0 0 0 0 0 0 0 0 0 
0 G1E 0 0 0 0 0 0 0 0 0 0 
0 G1E 0 0 0 0 0 0 0 0 0 0 
0 G1E 0 0 0 0 0 0 0 0 0 0 
0 G1E 0 0 0 0 0 0 0 0 0 0 
0 G1E 0 0 0 0 0 0 0 0 0 0 
0 G1E 0 0 0 0 0 0 0 0 0 0 
0 G1E 0 0 0 0 0 0 0 0 0 0 
G1S F1SW A1W B1W C1W D1W E1W E1E D1E C1E B1E A1E 

A1S
G1W 0 0 0 0 0 0 0 0 0 0 G1E 
F1WN G1S G1S G1S G1S G1S G1S G1S G1S G1S G1S F1SW 
A1N 0 0 0 0 0 0 0 0 0 0 A1N 
B1N 0 0 0 0 0 0 0 0 0 0 B1N 
C1N 0 0 0 0 0 0 0 0 0 0 C1N 
D1N 0 0 0 0 0 0 0 0 0 0 D1N 
E1N 0 0 0 0 0 0 0 0 0 0 E1N 
E1S 0 0 0 0 0 0 0 0 0 0 E1S 
D1S 0 0 0 0 0 0 0 0 0 0 D1S 
C1S 0 0 0 0 0 0 0 0 0 0 C1S 
B1S 0 0 0 0 0 0 0 0 0 0 B1S 
A1S 0 0 0 0 0 0 0 0 0 0 A1S 

A1W
A1W B1W C1W D1W E1W E1E D1E C1E B1E A1E F1NE G1N 
0 0 0 0 0 0 0 0 0 0 G1W 0 
0 0 0 0 0 0 0 0 0 0 G1W 0 
0 0 0 0 0 0 0 0 0 0 G1W 0 
0 0 0 0 0 0 0 0 0 0 G1W 0 
0 0 0 0 0 0 0 0 0 0 G1W 0 
0 0 0 0 0 0 0 0 0 0 G1W 0 
0 0 0 0 0 0 0 0 0 0 G1W 0 
0 0 0 0 0 0 0 0 0 0 G1W 0 
0 0 0 0 0 0 0 0 0 0 G1W 0 
0 0 0 0 0 0 0 0 0 0 G1W 0 
A1W B1W C1W D1W E1W E1E D1E C1E B1E A1E F1WN G1S 

B1N
G1W 0 0 0 0 0 0 0 0 0 0 G1E 
G1W 0 0 0 0 0 0 0 0 0 0 G1E 
G1W 0 0 0 0 0 0 0 0 0 0 G1E 
G1W 0 0 0 0 0 0 0 0 0 0 G1E 
G1W 0 0 0 0 0 0 0 0 0 0 G1E 
G1W 0 0 0 0 0 0 0 0 0 0 G1E 
G1W 0 0 0 0 0 0 0 0 0 0 G1E 
G1W 0 0 0 0 0 0 0 0 0 0 G1E 
G1W 0 0 0 0 0 0 0 0 0 0 G1E 
F1WN G1S G1S G1S G1S G1S G1S G1S G1S G1S G1S F1SW 
A1N 0 0 0 0 0 0 0 0 0 0 A1N 
B1N 0 0 0 0 0 0 0 0 0 0 B1N 

B1E
B1E A1E F1NE G1N G1N G1N G1N G1N G1N G1N G1N G1N 
0 0 G1W 0 0 0 0 0 0 0 0 0 
0 0 G1W 0 0 0 0 0 0 0 0 0 
0 0 G1W 0 0 0 0 0 0 0 0 0 
0 0 G1W 0 0 0 0 0 0 0 0 0 
0 0 G1W 0 0 0 0 0 0 0 0 0 
0 0 G1W 0 0 0 0 0 0 0 0 0 
0 0 G1W 0 0 0 0 0 0 0 0 0 
0 0 G1W 0 0 0 0 0 0 0 0 0 
0 0 G1W 0 0 0 0 0 0 0 0 0 
0 0 G1W 0 0 0 0 0 0 0 0 0 
B1E A1E F1WN G1S G1S G1S G1S G1S G1S G1S G1S G1S 

B1S
B1S 0 0 0 0 0 0 0 0 0 0 B1S 
A1S 0 0 0 0 0 0 0 0 0 0 A1S 
F1NE G1N G1N G1N G1N G1N G1N G1N G1N G1N G1N F1ES 
G1W 0 0 0 0 0 0 0 0 0 0 G1E 
G1W 0 0 0 0 0 0 0 0 0 0 G1E 
G1W 0 0 0 0 0 0 0 0 0 0 G1E 
G1W 0 0 0 0 0 0 0 0 0 0 G1E 
G1W 0 0 0 0 0 0 0 0 0 0 G1E 
G1W 0 0 0 0 0 0 0 0 0 0 G1E 
G1W 0 0 0 0 0 0 0 0 0 0 G1E 
G1W 0 0 0 0 0 0 0 0 0 0 G1E 
G1W 0 0 0 0 0 0 0 0 0 0 G1E 

B1W
G1N G1N G1N G1N G1N G1N G1N G1N G1N F1ES A1W B1W 
0 0 0 0 0 0 0 0 0 G1E 0 0 
0 0 0 0 0 0 0 0 0 G1E 0 0 
0 0 0 0 0 0 0 0 0 G1E 0 0 
0 0 0 0 0 0 0 0 0 G1E 0 0 
0 0 0 0 0 0 0 0 0 G1E 0 0 
0 0 0 0 0 0 0 0 0 G1E 0 0 
0 0 0 0 0 0 0 0 0 G1E 0 0 
0 0 0 0 0 0 0 0 0 G1E 0 0 
0 0 0 0 0 0 0 0 0 G1E 0 0 
0 0 0 0 0 0 0 0 0 G1E 0 0 
G1S G1S G1S G1S G1S G1S G1S G1S G1S F1SW A1W B1W 

C1N
C1N 0 0 0 0 0 0 0 0 0 0 C1N 
D1N 0 0 0 0 0 0 0 0 0 0 D1N 
E1N 0 0 0 0 0 0 0 0 0 0 E1N 
E1S 0 0 0 0 0 0 0 0 0 0 E1S 
D1S 0 0 0 0 0 0 0 0 0 0 D1S 
C1S 0 0 0 0 0 0 0 0 0 0 C1S 
B1S 0 0 0 0 0 0 0 0 0 0 B1S 
A1S 0 0 0 0 0 0 0 0 0 0 A1S 
F1NE G1N G1N G1N G1N G1N G1N G1N G1N G1N G1N F1ES 
G1W 0 0 0 0 0 0 0 0 0 0 G1E 
G1W 0 0 0 0 0 0 0 0 0 0 G1E 
G1W 0 0 0 0 0 0 0 0 0 0 G1E 

C1E
G1N G1N G1N F1ES A1W B1W C1W D1W E1W E1E D1E C1E 
0 0 0 G1E 0 0 0 0 0 0 0 0 
0 0 0 G1E 0 0 0 0 0 0 0 0 
0 0 0 G1E 0 0 0 0 0 0 0 0 
0 0 0 G1E 0 0 0 0 0 0 0 0 
0 0 0 G1E 0 0 0 0 0 0 0 0 
0 0 0 G1E 0 0 0 0 0 0 0 0 
0 0 0 G1E 0 0 0 0 0 0 0 0 
0 0 0 G1E 0 0 0 0 0 0 0 0 
0 0 0 G1E 0 0 0 0 0 0 0 0 
0 0 0 G1E 0 0 0 0 0 0 0 0 
G1S G1S G1S F1SW A1W B1W C1W D1W E1W E1E D1E C1E 

C1S
G1W 0 0 0 0 0 0 0 0 0 0 G1E 
G1W 0 0 0 0 0 0 0 0 0 0 G1E 
G1W 0 0 0 0 0 0 0 0 0 0 G1E 
F1WN G1S G1S G1S G1S G1S G1S G1S G1S G1S G1S F1SW 
A1N 0 0 0 0 0 0 0 0 0 0 A1N 
B1N 0 0 0 0 0 0 0 0 0 0 B1N 
C1N 0 0 0 0 0 0 0 0 0 0 C1N 
D1N 0 0 0 0 0 0 0 0 0 0 D1N 
E1N 0 0 0 0 0 0 0 0 0 0 E1N 
E1S 0 0 0 0 0 0 0 0 0 0 E1S 
D1S 0 0 0 0 0 0 0 0 0 0 D1S 
C1S 0 0 0 0 0 0 0 0 0 0 C1S 

C1W
C1W D1W E1W E1E D1E C1E B1E A1E F1NE G1N G1N G1N 
0 0 0 0 0 0 0 0 G1W 0 0 0 
0 0 0 0 0 0 0 0 G1W 0 0 0 
0 0 0 0 0 0 0 0 G1W 0 0 0 
0 0 0 0 0 0 0 0 G1W 0 0 0 
0 0 0 0 0 0 0 0 G1W 0 0 0 
0 0 0 0 0 0 0 0 G1W 0 0 0 
0 0 0 0 0 0 0 0 G1W 0 0 0 
0 0 0 0 0 0 0 0 G1W 0 0 0 
0 0 0 0 0 0 0 0 G1W 0 0 0 
0 0 0 0 0 0 0 0 G1W 0 0 0 
C1W D1W E1W E1E D1E C1E B1E A1E F1WN G1S G1S G1S 

D1N
G1W 0 0 0 0 0 0 0 0 0 0 G1E 
G1W 0 0 0 0 0 0 0 0 0 0 G1E 
G1W 0 0 0 0 0 0 0 0 0 0 G1E 
G1W 0 0 0 0 0 0 0 0 0 0 G1E 
G1W 0 0 0 0 0 0 0 0 0 0 G1E 
G1W 0 0 0 0 0 0 0 0 0 0 G1E 
G1W 0 0 0 0 0 0 0 0 0 0 G1E 
F1WN G1S G1S G1S G1S G1S G1S G1S G1S G1S G1S F1SW 
A1N 0 0 0 0 0 0 0 0 0 0 A1N 
B1N 0 0 0 0 0 0 0 0 0 0 B1N 
C1N 0 0 0 0 0 0 0 0 0 0 C1N 
D1N 0 0 0 0 0 0 0 0 0 0 D1N 

D1E
D1E C1E B1E A1E F1NE G1N G1N G1N G1N G1N G1N G1N 
0 0 0 0 G1W 0 0 0 0 0 0 0 
0 0 0 0 G1W 0 0 0 0 0 0 0 
0 0 0 0 G1W 0 0 0 0 0 0 0 
0 0 0 0 G1W 0 0 0 0 0 0 0 
0 0 0 0 G1W 0 0 0 0 0 0 0 
0 0 0 0 G1W 0 0 0 0 0 0 0 
0 0 0 0 G1W 0 0 0 0 0 0 0 
0 0 0 0 G1W 0 0 0 0 0 0 0 
0 0 0 0 G1W 0 0 0 0 0 0 0 
0 0 0 0 G1W 0 0 0 0 0 0 0 
D1E C1E B1E A1E F1WN G1S G1S G1S G1S G1S G1S G1S 

D1S
D1S 0 0 0 0 0 0 0 0 0 0 D1S 
C1S 0 0 0 0 0 0 0 0 0 0 C1S 
B1S 0 0 0 0 0 0 0 0 0 0 B1S 
A1S 0 0 0 0 0 0 0 0 0 0 A1S 
F1NE G1N G1N G1N G1N G1N G1N G1N G1N G1N G1N F1ES 
G1W 0 0 0 0 0 0 0 0 0 0 G1E 
G1W 0 0 0 0 0 0 0 0 0 0 G1E 
G1W 0 0 0 0 0 0 0 0 0 0 G1E 
G1W 0 0 0 0 0 0 0 0 0 0 G1E 
G1W 0 0 0 0 0 0 0 0 0 0 G1E 
G1W 0 0 0 0 0 0 0 0 0 0 G1E 
G1W 0 0 0 0 0 0 0 0 0 0 G1E 

D1W
G1N G1N G1N G1N G1N G1N G1N F1ES A1W B1W C1W D1W 
0 0 0 0 0 0 0 G1E 0 0 0 0 
0 0 0 0 0 0 0 G1E 0 0 0 0 
0 0 0 0 0 0 0 G1E 0 0 0 0 
0 0 0 0 0 0 0 G1E 0 0 0 0 
0 0 0 0 0 0 0 G1E 0 0 0 0 
0 0 0 0 0 0 0 G1E 0 0 0 0 
0 0 0 0 0 0 0 G1E 0 0 0 0 
0 0 0 0 0 0 0 G1E 0 0 0 0 
0 0 0 0 0 0 0 G1E 0 0 0 0 
0 0 0 0 0 0 0 G1E 0 0 0 0 
G1S G1S G1S G1S G1S G1S G1S F1SW A1W B1W C1W D1W 

E1N
E1N 0 0 0 0 0 0 0 0 0 0 E1N 
E1S 0 0 0 0 0 0 0 0 0 0 E1S 
D1S 0 0 0 0 0 0 0 0 0 0 D1S 
C1S 0 0 0 0 0 0 0 0 0 0 C1S 
B1S 0 0 0 0 0 0 0 0 0 0 B1S 
A1S 0 0 0 0 0 0 0 0 0 0 A1S 
F1NE G1N G1N G1N G1N G1N G1N G1N G1N G1N G1N F1ES 
G1W 0 0 0 0 0 0 0 0 0 0 G1E 
G1W 0 0 0 0 0 0 0 0 0 0 G1E 
G1W 0 0 0 0 0 0 0 0 0 0 G1E 
G1W 0 0 0 0 0 0 0 0 0 0 G1E 
G1W 0 0 0 0 0 0 0 0 0 0 G1E 

E1E
G1N G1N G1N G1N G1N F1ES A1W B1W C1W D1W E1W E1E 
0 0 0 0 0 G1E 0 0 0 0 0 0 
0 0 0 0 0 G1E 0 0 0 0 0 0 
0 0 0 0 0 G1E 0 0 0 0 0 0 
0 0 0 0 0 G1E 0 0 0 0 0 0 
0 0 0 0 0 G1E 0 0 0 0 0 0 
0 0 0 0 0 G1E 0 0 0 0 0 0 
0 0 0 0 0 G1E 0 0 0 0 0 0 
0 0 0 0 0 G1E 0 0 0 0 0 0 
0 0 0 0 0 G1E 0 0 0 0 0 0 
0 0 0 0 0 G1E 0 0 0 0 0 0 
G1S G1S G1S G1S G1S F1SW A1W B1W C1W D1W E1W E1E 

E1S
G1W 0 0 0 0 0 0 0 0 0 0 G1E 
G1W 0 0 0 0 0 0 0 0 0 0 G1E 
G1W 0 0 0 0 0 0 0 0 0 0 G1E 
G1W 0 0 0 0 0 0 0 0 0 0 G1E 
G1W 0 0 0 0 0 0 0 0 0 0 G1E 
F1WN G1S G1S G1S G1S G1S G1S G1S G1S G1S G1S F1SW 
A1N 0 0 0 0 0 0 0 0 0 0 A1N 
B1N 0 0 0 0 0 0 0 0 0 0 B1N 
C1N 0 0 0 0 0 0 0 0 0 0 C1N 
D1N 0 0 0 0 0 0 0 0 0 0 D1N 
E1N 0 0 0 0 0 0 0 0 0 0 E1N 
E1S 0 0 0 0 0 0 0 0 0 0 E1S 

E1W
E1W E1E D1E C1E B1E A1E F1NE G1N G1N G1N G1N G1N 
0 0 0 0 0 0 G1W 0 0 0 0 0 
0 0 0 0 0 0 G1W 0 0 0 0 0 
0 0 0 0 0 0 G1W 0 0 0 0 0 
0 0 0 0 0 0 G1W 0 0 0 0 0 
0 0 0 0 0 0 G1W 0 0 0 0 0 
0 0 0 0 0 0 G1W 0 0 0 0 0 
0 0 0 0 0 0 G1W 0 0 0 0 0 
0 0 0 0 0 0 G1W 0 0 0 0 0 
0 0 0 0 0 0 G1W 0 0 0 0 0 
0 0 0 0 0 0 G1W 0 0 0 0 0 
E1W E1E D1E C1E B1E A1E F1WN G1S G1S G1S G1S G1S 

F1NE
F1NE G1N G1N G1N G1N G1N G1N G1N G1N G1N G1N G1N 
G1W 0 0 0 0 0 0 0 0 0 0 0 
G1W 0 0 0 0 0 0 0 0 0 0 0 
G1W 0 0 0 0 0 0 0 0 0 0 0 
G1W 0 0 0 0 0 0 0 0 0 0 0 
G1W 0 0 0 0 0 0 0 0 0 0 0 
G1W 0 0 0 0 0 0 0 0 0 0 0 
G1W 0 0 0 0 0 0 0 0 0 0 0 
G1W 0 0 0 0 0 0 0 0 0 0 0 
G1W 0 0 0 0 0 0 0 0 0 0 0 
G1W 0 0 0 0 0 0 0 0 0 0 0 
G1W 0 0 0 0 0 0 0 0 0 0 0 

F1ES
G1N G1N G1N G1N G1N G1N G1N G1N G1N G1N G1N F1ES 
0 0 0 0 0 0 0 0 0 0 0 G1E 
0 0 0 0 0 0 0 0 0 0 0 G1E 
0 0 0 0 0 0 0 0 0 0 0 G1E 
0 0 0 0 0 0 0 0 0 0 0 G1E 
0 0 0 0 0 0 0 0 0 0 0 G1E 
0 0 0 0 0 0 0 0 0 0 0 G1E 
0 0 0 0 0 0 0 0 0 0 0 G1E 
0 0 0 0 0 0 0 0 0 0 0 G1E 
0 0 0 0 0 0 0 0 0 0 0 G1E 
0 0 0 0 0 0 0 0 0 0 0 G1E 
0 0 0 0 0 0 0 0 0 0 0 G1E 

F1SW
0 0 0 0 0 0 0 0 0 0 0 G1E 
0 0 0 0 0 0 0 0 0 0 0 G1E 
0 0 0 0 0 0 0 0 0 0 0 G1E 
0 0 0 0 0 0 0 0 0 0 0 G1E 
0 0 0 0 0 0 0 0 0 0 0 G1E 
0 0 0 0 0 0 0 0 0 0 0 G1E 
0 0 0 0 0 0 0 0 0 0 0 G1E 
0 0 0 0 0 0 0 0 0 0 0 G1E 
0 0 0 0 0 0 0 0 0 0 0 G1E 
0 0 0 0 0 0 0 0 0 0 0 G1E 
0 0 0 0 0 0 0 0 0 0 0 G1E 
G1S G1S G1S G1S G1S G1S G1S G1S G1S G1S G1S F1SW 

F1WN
G1W 0 0 0 0 0 0 0 0 0 0 0 
G1W 0 0 0 0 0 0 0 0 0 0 0 
G1W 0 0 0 0 0 0 0 0 0 0 0 
G1W 0 0 0 0 0 0 0 0 0 0 0 
G1W 0 0 0 0 0 0 0 0 0 0 0 
G1W 0 0 0 0 0 0 0 0 0 0 0 
G1W 0 0 0 0 0 0 0 0 0 0 0 
G1W 0 0 0 0 0 0 0 0 0 0 0 
G1W 0 0 0 0 0 0 0 0 0 0 0 
G1W 0 0 0 0 0 0 0 0 0 0 0 
G1W 0 0 0 0 0 0 0 0 0 0 0 
F1WN G1S G1S G1S G1S G1S G1S G1S G1S G1S G1S G1S 

F1NW
G1N G1N G1N G1N G1N G1N G1N G1N G1N G1N G1N F1NW 
0 0 0 0 0 0 0 0 0 0 0 G1E 
0 0 0 0 0 0 0 0 0 0 0 G1E 
0 0 0 0 0 0 0 0 0 0 0 G1E 
0 0 0 0 0 0 0 0 0 0 0 G1E 
0 0 0 0 0 0 0 0 0 0 0 G1E 
0 0 0 0 0 0 0 0 0 0 0 G1E 
0 0 0 0 0 0 0 0 0 0 0 G1E 
0 0 0 0 0 0 0 0 0 0 0 G1E 
0 0 0 0 0 0 0 0 0 0 0 G1E 
0 0 0 0 0 0 0 0 0 0 0 G1E 
0 0 0 0 0 0 0 0 0 0 0 G1E 

F1EN
0 0 0 0 0 0 0 0 0 0 0 G1E 
0 0 0 0 0 0 0 0 0 0 0 G1E 
0 0 0 0 0 0 0 0 0 0 0 G1E 
0 0 0 0 0 0 0 0 0 0 0 G1E 
0 0 0 0 0 0 0 0 0 0 0 G1E 
0 0 0 0 0 0 0 0 0 0 0 G1E 
0 0 0 0 0 0 0 0 0 0 0 G1E 
0 0 0 0 0 0 0 0 0 0 0 G1E 
0 0 0 0 0 0 0 0 0 0 0 G1E 
0 0 0 0 0 0 0 0 0 0 0 G1E 
0 0 0 0 0 0 0 0 0 0 0 G1E 
G1S G1S G1S G1S G1S G1S G1S G1S G1S G1S G1S F1EN 

F1SE
G1W 0 0 0 0 0 0 0 0 0 0 0 
G1W 0 0 0 0 0 0 0 0 0 0 0 
G1W 0 0 0 0 0 0 0 0 0 0 0 
G1W 0 0 0 0 0 0 0 0 0 0 0 
G1W 0 0 0 0 0 0 0 0 0 0 0 
G1W 0 0 0 0 0 0 0 0 0 0 0 
G1W 0 0 0 0 0 0 0 0 0 0 0 
G1W 0 0 0 0 0 0 0 0 0 0 0 
G1W 0 0 0 0 0 0 0 0 0 0 0 
G1W 0 0 0 0 0 0 0 0 0 0 0 
G1W 0 0 0 0 0 0 0 0 0 0 0 
F1SE G1S G1S G1S G1S G1S G1S G1S G1S G1S G1S G1S 

F1WS
F1WS G1N G1N G1N G1N G1N G1N G1N G1N G1N G1N G1N 
G1W 0 0 0 0 0 0 0 0 0 0 0 
G1W 0 0 0 0 0 0 0 0 0 0 0 
G1W 0 0 0 0 0 0 0 0 0 0 0 
G1W 0 0 0 0 0 0 0 0 0 0 0 
G1W 0 0 0 0 0 0 0 0 0 0 0 
G1W 0 0 0 0 0 0 0 0 0 0 0 
G1W 0 0 0 0 0 0 0 0 0 0 0 
G1W 0 0 0 0 0 0 0 0 0 0 0 
G1W 0 0 0 0 0 0 0 0 0 0 0 
G1W 0 0 0 0 0 0 0 0 0 0 0 
G1W 0 0 0 0 0 0 0 0 0 0 0 

G1N
G1N G1N G1N G1N G1N G1N G1N G1N G1N G1N G1N G1N 
0 0 0 0 0 0 0 0 0 0 0 0 
0 0 0 0 0 0 0 0 0 0 0 0 
0 0 0 0 0 0 0 0 0 0 0 0 
0 0 0 0 0 0 0 0 0 0 0 0 
0 0 0 0 0 0 0 0 0 0 0 0 
0 0 0 0 0 0 0 0 0 0 0 0 
0 0 0 0 0 0 0 0 0 0 0 0 
0 0 0 0 0 0 0 0 0 0 0 0 
0 0 0 0 0 0 0 0 0 0 0 0 
0 0 0 0 0 0 0 0 0 0 0 0 
0 0 0 0 0 0 0 0 0 0 0 0 

G1E
0 0 0 0 0 0 0 0 0 0 0 G1E 
0 0 0 0 0 0 0 0 0 0 0 G1E 
0 0 0 0 0 0 0 0 0 0 0 G1E 
0 0 0 0 0 0 0 0 0 0 0 G1E 
0 0 0 0 0 0 0 0 0 0 0 G1E 
0 0 0 0 0 0 0 0 0 0 0 G1E 
0 0 0 0 0 0 0 0 0 0 0 G1E 
0 0 0 0 0 0 0 0 0 0 0 G1E 
0 0 0 0 0 0 0 0 0 0 0 G1E 
0 0 0 0 0 0 0 0 0 0 0 G1E 
0 0 0 0 0 0 0 0 0 0 0 G1E 
0 0 0 0 0 0 0 0 0 0 0 G1E 

G1S
0 0 0 0 0 0 0 0 0 0 0 0 
0 0 0 0 0 0 0 0 0 0 0 0 
0 0 0 0 0 0 0 0 0 0 0 0 
0 0 0 0 0 0 0 0 0 0 0 0 
0 0 0 0 0 0 0 0 0 0 0 0 
0 0 0 0 0 0 0 0 0 0 0 0 
0 0 0 0 0 0 0 0 0 0 0 0 
0 0 0 0 0 0 0 0 0 0 0 0 
0 0 0 0 0 0 0 0 0 0 0 0 
0 0 0 0 0 0 0 0 0 0 0 0 
0 0 0 0 0 0 0 0 0 0 0 0 
G1S G1S G1S G1S G1S G1S G1S G1S G1S G1S G1S G1S 

G1W
G1W 0 0 0 0 0 0 0 0 0 0 0 
G1W 0 0 0 0 0 0 0 0 0 0 0 
G1W 0 0 0 0 0 0 0 0 0 0 0 
G1W 0 0 0 0 0 0 0 0 0 0 0 
G1W 0 0 0 0 0 0 0 0 0 0 0 
G1W 0 0 0 0 0 0 0 0 0 0 0 
G1W 0 0 0 0 0 0 0 0 0 0 0 
G1W 0 0 0 0 0 0 0 0 0 0 0 
G1W 0 0 0 0 0 0 0 0 0 0 0 
G1W 0 0 0 0 0 0 0 0 0 0 0 
G1W 0 0 0 0 0 0 0 0 0 0 0 
G1W 0 0 0 0 0 0 0 0 0 0 0 


=========================

Coding:

0 0

A1N 1

A1E 1

A1S 1

A1W 1

B1N 1

B1E 1

B1S 1

B1W 1

C1N 1

C1E 1

C1S 1

C1W 1

D1N 1

D1E 1

D1S 1

D1W 1

E1N 1

E1E 1

E1S 1

E1W 1

F1NE 1

F1ES 1

F1SW 1

F1WN 1

F1NW 1

F1EN 1

F1SE 1

F1WS 1

G1N 1

G1E 1

G1S 1

G1W 1

