1 1
2 2
3 3
4 1
5 3
6 2
7 1
8 2
9 3
10 2
11 1
12 3
13 1
14 2
15 3
16 1
17 3
18 2
19 1
20 3
21 1
22 2
23 3
24 2
25 1
26 2
27 3
28 1
29 3
30 2
31 1
32 2
33 3
34 2
35 1
36 3
37 1
38 2
39 3
40 2
41 1
42 2
43 3
44 1
45 3
46 2
47 1
48 3
49 1
50 2
51 3
52 1
53 3
54 2
55 1
56 2
57 3
58 2
59 1
60 3
61 1
62 2
63 3
64 1
65 3
66 2
67 1
68 3
69 1
70 2
71 3
72 2
73 1
74 2
75 3
76 1
77 3
78 2
79 1
80 3
81 1
82 2
83 3
84 1
85 3
86 2
87 1
88 2
89 3
90 2
91 1
92 3
93 1
94 2
95 3
96 2
97 1
98 2
99 3
100 1
101 3
102 2
103 1
104 2
105 3
106 2
107 1
108 3
109 1
110 2
111 3
112 1
113 3
114 2
115 1
116 3
117 1
118 2
119 3
120 2
121 1
122 2
123 3
124 1
125 3
126 2
127 1
128 2
129 3
130 2
131 1
132 3
133 1
134 2
135 3
136 2
137 1
138 2
139 3
140 1
141 3
142 2
143 1
144 3
145 1
146 2
147 3
148 1
149 3
150 2
151 1
152 2
153 3
154 2
155 1
156 3
157 1
158 2
159 3
160 2
161 1
162 2
163 3
164 1
165 3
166 2
167 1
168 2
169 3
170 2
171 1
172 3
173 1
174 2
175 3
176 1
177 3
178 2
179 1
180 3
181 1
182 2
183 3
184 2
185 1
186 2
187 3
188 1
189 3
190 2
191 1
192 3
193 1
194 2
195 3
196 1
197 3
198 2
199 1
200 2
201 3
202 2
203 1
204 3
205 1
206 2
207 3
208 1
209 3
210 2
211 1
212 3
213 1
214 2
215 3
216 2
217 1
218 2
219 3
220 1
221 3
222 2
223 1
224 2
225 3
226 2
227 1
228 3
229 1
230 2
231 3
232 2
233 1
234 2
235 3
236 1
237 3
238 2
239 1
240 3
241 1
242 2
243 3
244 1
245 3
246 2
247 1
248 2
249 3
250 2
251 1
252 3
253 1
254 2
255 3
256 1
257 3
258 2
259 1
260 3
261 1
262 2
263 3
264 2
265 1
266 2
267 3
268 1
269 3
270 2
271 1
272 3
273 1
274 2
275 3
276 1
277 3
278 2
279 1
280 2
281 3
282 2
283 1
284 3
285 1
286 2
287 3
288 2
289 1
290 2
291 3
292 1
293 3
294 2
295 1
296 2
297 3
298 2
299 1
300 3
301 1
302 2
303 3
304 1
305 3
306 2
307 1
308 3
309 1
310 2
311 3
312 2
313 1
314 2
315 3
316 1
317 3
318 2
319 1
320 3
321 1
322 2
323 3
324 1
325 3
326 2
327 1
328 2
329 3
330 2
331 1
332 3
333 1
334 2
335 3
336 1
337 3
338 2
339 1
340 3
341 1
342 2
343 3
344 2
345 1
346 2
347 3
348 1
349 3
350 2
351 1
352 2
353 3
354 2
355 1
356 3
357 1
358 2
359 3
360 2
361 1
362 2
363 3
364 1
365 3
366 2
367 1
368 3
369 1
370 2
371 3
372 1
373 3
374 2
375 1
376 2
377 3
378 2
379 1
380 3
381 1
382 2
383 3
384 2
385 1
386 2
387 3
388 1
389 3
390 2
391 1
392 2
393 3
394 2
395 1
396 3
397 1
398 2
399 3
400 1
401 3
402 2
403 1
404 3
405 1
406 2
407 3
408 2
409 1
410 2
411 3
412 1
413 3
414 2
415 1
416 2
417 3
418 2
419 1
420 3
421 1
422 2
423 3
424 2
425 1
426 2
427 3
428 1
429 3
430 2
431 1
432 3
433 1
434 2
435 3
436 1
437 3
438 2
439 1
440 2
441 3
442 2
443 1
444 3
445 1
446 2
447 3
448 1
449 3
450 2
451 1
452 3
453 1
454 2
455 3
456 2
457 1
458 2
459 3
460 1
461 3
462 2
463 1
464 3
465 1
466 2
467 3
468 1
469 3
470 2
471 1
472 2
473 3
474 2
475 1
476 3
477 1
478 2
479 3
480 2
481 1
482 2
483 3
484 1
485 3
486 2
487 1
488 2
489 3
490 2
491 1
492 3
493 1
494 2
495 3
496 1
497 3
498 2
499 1
500 3
501 1
502 2
503 3
504 2
505 1
506 2
507 3
508 1
509 3
510 2
511 1
512 2
513 3
514 2
515 1
516 3
517 1
518 2
519 3
520 2
521 1
522 2
523 3
524 1
525 3
526 2
527 1
528 3
529 1
530 2
531 3
532 1
533 3
534 2
535 1
536 2
537 3
538 2
539 1
540 3
541 1
542 2
543 3
544 2
545 1
546 2
547 3
548 1
549 3
550 2
551 1
552 2
553 3
554 2
555 1
556 3
557 1
558 2
559 3
560 1
561 3
562 2
563 1
564 3
565 1
566 2
567 3
568 2
569 1
570 2
571 3
572 1
573 3
574 2
575 1
576 3
577 1
578 2
579 3
580 1
581 3
582 2
583 1
584 2
585 3
586 2
587 1
588 3
589 1
590 2
591 3
592 1
593 3
594 2
595 1
596 3
597 1
598 2
599 3
600 2
601 1
602 2
603 3
604 1
605 3
606 2
607 1
608 2
609 3
610 2
611 1
612 3
613 1
614 2
615 3
616 2
617 1
618 2
619 3
620 1
621 3
622 2
623 1
624 3
625 1
626 2
627 3
628 1
629 3
630 2
631 1
632 2
633 3
634 2
635 1
636 3
637 1
638 2
639 3
640 2
641 1
642 2
643 3
644 1
645 3
646 2
647 1
648 2
649 3
650 2
651 1
652 3
653 1
654 2
655 3
656 1
657 3
658 2
659 1
660 3
661 1
662 2
663 3
664 2
665 1
666 2
667 3
668 1
669 3
670 2
671 1
672 2
673 3
674 2
675 1
676 3
677 1
678 2
679 3
680 2
681 1
682 2
683 3
684 1
685 3
686 2
687 1
688 3
689 1
690 2
691 3
692 1
693 3
694 2
695 1
696 2
697 3
698 2
699 1
700 3
701 1
702 2
703 3
704 1
705 3
706 2
707 1
708 3
709 1
710 2
711 3
712 2
713 1
714 2
715 3
716 1
717 3
718 2
719 1
720 3
721 1
722 2
723 3
724 1
725 3
726 2
727 1
728 2
729 3
730 2
731 1
732 3
733 1
734 2
735 3
736 2
737 1
738 2
739 3
740 1
741 3
742 2
743 1
744 2
745 3
746 2
747 1
748 3
749 1
750 2
751 3
752 1
753 3
754 2
755 1
756 3
757 1
758 2
759 3
760 2
761 1
762 2
763 3
764 1
765 3
766 2
767 1
768 3
769 1
770 2
771 3
772 1
773 3
774 2
775 1
776 2
777 3
778 2
779 1
780 3
781 1
782 2
783 3
784 1
785 3
786 2
787 1
788 3
789 1
790 2
791 3
792 2
793 1
794 2
795 3
796 1
797 3
798 2
799 1
800 2
801 3
802 2
803 1
804 3
805 1
806 2
807 3
808 2
809 1
810 2
811 3
812 1
813 3
814 2
815 1
816 3
817 1
818 2
819 3
820 1
821 3
822 2
823 1
824 2
825 3
826 2
827 1
828 3
829 1
830 2
831 3
832 1
833 3
834 2
835 1
836 3
837 1
838 2
839 3
840 2
841 1
842 2
843 3
844 1
845 3
846 2
847 1
848 3
849 1
850 2
851 3
852 1
853 3
854 2
855 1
856 2
857 3
858 2
859 1
860 3
861 1
862 2
863 3
864 2
865 1
866 2
867 3
868 1
869 3
870 2
871 1
872 2
873 3
874 2
875 1
876 3
877 1
878 2
879 3
880 1
881 3
882 2
883 1
884 3
885 1
886 2
887 3
888 2
889 1
890 2
891 3
892 1
893 3
894 2
895 1
896 2
897 3
898 2
899 1
900 3
901 1
902 2
903 3
904 2
905 1
906 2
907 3
908 1
909 3
910 2
911 1
912 3
913 1
914 2
915 3
916 1
917 3
918 2
919 1
920 2
921 3
922 2
923 1
924 3
925 1
926 2
927 3
928 2
929 1
930 2
931 3
932 1
933 3
934 2
935 1
936 2
937 3
938 2
939 1
940 3
941 1
942 2
943 3
944 1
945 3
946 2
947 1
948 3
949 1
950 2
951 3
952 2
953 1
954 2
955 3
956 1
957 3
958 2
959 1
960 3
961 1
962 2
963 3
964 1
965 3
966 2
967 1
968 2
969 3
970 2
971 1
972 3
973 1
974 2
975 3
976 1
977 3
978 2
979 1
980 3
981 1
982 2
983 3
984 2
985 1
986 2
987 3
988 1
989 3
990 2
991 1
992 2
993 3
994 2
995 1
996 3
997 1
998 2
999 3
1000 2
1001 1
1002 2
1003 3
1004 1
1005 3
1006 2
1007 1
1008 3
1009 1
1010 2
1011 3
1012 1
1013 3
1014 2
1015 1
1016 2
1017 3
1018 2
1019 1
1020 3
1021 1
1022 2
1023 3
1024 1
1025 3
1026 2
1027 1
1028 3
1029 1
1030 2
1031 3
1032 2
1033 1
1034 2
1035 3
1036 1
1037 3
1038 2
1039 1
1040 3
1041 1
1042 2
1043 3
1044 1
1045 3
1046 2
1047 1
1048 2
1049 3
1050 2
1051 1
1052 3
1053 1
1054 2
1055 3
1056 2
1057 1
1058 2
1059 3
1060 1
1061 3
1062 2
1063 1
1064 2
1065 3
1066 2
1067 1
1068 3
1069 1
1070 2
1071 3
1072 1
1073 3
1074 2
1075 1
1076 3
1077 1
1078 2
1079 3
1080 2
1081 1
1082 2
1083 3
1084 1
1085 3
1086 2
1087 1
1088 3
1089 1
1090 2
1091 3
1092 1
1093 3
1094 2
1095 1
1096 2
1097 3
1098 2
1099 1
1100 3
1101 1
1102 2
1103 3
1104 1
1105 3
1106 2
1107 1
1108 3
1109 1
1110 2
1111 3
1112 2
1113 1
1114 2
1115 3
1116 1
1117 3
1118 2
1119 1
1120 2
1121 3
1122 2
1123 1
1124 3
1125 1
1126 2
1127 3
1128 2
1129 1
1130 2
1131 3
1132 1
1133 3
1134 2
1135 1
1136 3
1137 1
1138 2
1139 3
1140 1
1141 3
1142 2
1143 1
1144 2
1145 3
1146 2
1147 1
1148 3
1149 1
1150 2
1151 3
1152 2
1153 1
1154 2
1155 3
1156 1
1157 3
1158 2
1159 1
1160 2
1161 3
1162 2
1163 1
1164 3
1165 1
1166 2
1167 3
1168 1
1169 3
1170 2
1171 1
1172 3
1173 1
1174 2
1175 3
1176 2
1177 1
1178 2
1179 3
1180 1
1181 3
1182 2
1183 1
1184 2
1185 3
1186 2
1187 1
1188 3
1189 1
1190 2
1191 3
1192 2
1193 1
1194 2
1195 3
1196 1
1197 3
1198 2
1199 1
1200 3
1201 1
1202 2
1203 3
1204 1
1205 3
1206 2
1207 1
1208 2
1209 3
1210 2
1211 1
1212 3
1213 1
1214 2
1215 3
1216 1
1217 3
1218 2
1219 1
1220 3
1221 1
1222 2
1223 3
1224 2
1225 1
1226 2
1227 3
1228 1
1229 3
1230 2
1231 1
1232 3
1233 1
1234 2
1235 3
1236 1
1237 3
1238 2
1239 1
1240 2
1241 3
1242 2
1243 1
1244 3
1245 1
1246 2
1247 3
1248 2
1249 1
1250 2
1251 3
1252 1
1253 3
1254 2
1255 1
1256 2
1257 3
1258 2
1259 1
1260 3
1261 1
1262 2
1263 3
1264 1
1265 3
1266 2
1267 1
1268 3
1269 1
1270 2
1271 3
1272 2
1273 1
1274 2
1275 3
1276 1
1277 3
1278 2
1279 1
1280 3
1281 1
1282 2
1283 3
1284 1
1285 3
1286 2
1287 1
1288 2
1289 3
1290 2
1291 1
1292 3
1293 1
1294 2
1295 3
1296 1
1297 3
1298 2
1299 1
1300 3
1301 1
1302 2
1303 3
1304 2
1305 1
1306 2
1307 3
1308 1
1309 3
1310 2
1311 1
1312 2
1313 3
1314 2
1315 1
1316 3
1317 1
1318 2
1319 3
1320 2
1321 1
1322 2
1323 3
1324 1
1325 3
1326 2
1327 1
1328 3
1329 1
1330 2
1331 3
1332 1
1333 3
1334 2
1335 1
1336 2
1337 3
1338 2
1339 1
1340 3
1341 1
1342 2
1343 3
1344 1
1345 3
1346 2
1347 1
1348 3
1349 1
1350 2
1351 3
1352 2
1353 1
1354 2
1355 3
1356 1
1357 3
1358 2
1359 1
1360 3
1361 1
1362 2
1363 3
1364 1
1365 3
1366 2
1367 1
1368 2
1369 3
1370 2
1371 1
1372 3
1373 1
1374 2
1375 3
1376 2
1377 1
1378 2
1379 3
1380 1
1381 3
1382 2
1383 1
1384 2
1385 3
1386 2
1387 1
1388 3
1389 1
1390 2
1391 3
1392 1
1393 3
1394 2
1395 1
1396 3
1397 1
1398 2
1399 3
1400 2
1401 1
1402 2
1403 3
1404 1
1405 3
1406 2
1407 1
1408 2
1409 3
1410 2
1411 1
1412 3
1413 1
1414 2
1415 3
1416 2
1417 1
1418 2
1419 3
1420 1
1421 3
1422 2
1423 1
1424 3
1425 1
1426 2
1427 3
1428 1
1429 3
1430 2
1431 1
1432 2
1433 3
1434 2
1435 1
1436 3
1437 1
1438 2
1439 3
1440 2
1441 1
1442 2
1443 3
1444 1
1445 3
1446 2
1447 1
1448 2
1449 3
1450 2
1451 1
1452 3
1453 1
1454 2
1455 3
1456 1
1457 3
1458 2
1459 1
1460 3
1461 1
1462 2
1463 3
1464 2
1465 1
1466 2
1467 3
1468 1
1469 3
1470 2
1471 1
1472 3
1473 1
1474 2
1475 3
1476 1
1477 3
1478 2
1479 1
1480 2
1481 3
1482 2
1483 1
1484 3
1485 1
1486 2
1487 3
1488 1
1489 3
1490 2
1491 1
1492 3
1493 1
1494 2
1495 3
1496 2
1497 1
1498 2
1499 3
1500 1
1501 3
1502 2
1503 1
1504 2
1505 3
1506 2
1507 1
1508 3
1509 1
1510 2
1511 3
1512 2
1513 1
1514 2
1515 3
1516 1
1517 3
1518 2
1519 1
1520 3
1521 1
1522 2
1523 3
1524 1
1525 3
1526 2
1527 1
1528 2
1529 3
1530 2
1531 1
1532 3
1533 1
1534 2
1535 3
1536 2
1537 1
1538 2
1539 3
1540 1
1541 3
1542 2
1543 1
1544 2
1545 3
1546 2
1547 1
1548 3
1549 1
1550 2
1551 3
1552 1
1553 3
1554 2
1555 1
1556 3
1557 1
1558 2
1559 3
1560 2
1561 1
1562 2
1563 3
1564 1
1565 3
1566 2
1567 1
1568 2
1569 3
1570 2
1571 1
1572 3
1573 1
1574 2
1575 3
1576 2
1577 1
1578 2
1579 3
1580 1
1581 3
1582 2
1583 1
1584 3
1585 1
1586 2
1587 3
1588 1
1589 3
1590 2
1591 1
1592 2
1593 3
1594 2
1595 1
1596 3
1597 1
1598 2
1599 3
1600 1
1601 3
1602 2
1603 1
1604 3
1605 1
1606 2
1607 3
1608 2
1609 1
1610 2
1611 3
1612 1
1613 3
1614 2
1615 1
1616 3
1617 1
1618 2
1619 3
1620 1
1621 3
1622 2
1623 1
1624 2
1625 3
1626 2
1627 1
1628 3
1629 1
1630 2
1631 3
1632 2
1633 1
1634 2
1635 3
1636 1
1637 3
1638 2
1639 1
1640 2
1641 3
1642 2
1643 1
1644 3
1645 1
1646 2
1647 3
1648 1
1649 3
1650 2
1651 1
1652 3
1653 1
1654 2
1655 3
1656 2
1657 1
1658 2
1659 3
1660 1
1661 3
1662 2
1663 1
1664 2
1665 3
1666 2
1667 1
1668 3
1669 1
1670 2
1671 3
1672 2
1673 1
1674 2
1675 3
1676 1
1677 3
1678 2
1679 1
1680 3
1681 1
1682 2
1683 3
1684 1
1685 3
1686 2
1687 1
1688 2
1689 3
1690 2
1691 1
1692 3
1693 1
1694 2
1695 3
1696 2
1697 1
1698 2
1699 3
1700 1
1701 3
1702 2
1703 1
1704 2
1705 3
1706 2
1707 1
1708 3
1709 1
1710 2
1711 3
1712 1
1713 3
1714 2
1715 1
1716 3
1717 1
1718 2
1719 3
1720 2
1721 1
1722 2
1723 3
1724 1
1725 3
1726 2
1727 1
1728 3
1729 1
1730 2
1731 3
1732 1
1733 3
1734 2
1735 1
1736 2
1737 3
1738 2
1739 1
1740 3
1741 1
1742 2
1743 3
1744 1
1745 3
1746 2
1747 1
1748 3
1749 1
1750 2
1751 3
1752 2
1753 1
1754 2
1755 3
1756 1
1757 3
1758 2
1759 1
1760 2
1761 3
1762 2
1763 1
1764 3
1765 1
1766 2
1767 3
1768 2
1769 1
1770 2
1771 3
1772 1
1773 3
1774 2
1775 1
1776 3
1777 1
1778 2
1779 3
1780 1
1781 3
1782 2
1783 1
1784 2
1785 3
1786 2
1787 1
1788 3
1789 1
1790 2
1791 3
1792 1
1793 3
1794 2
1795 1
1796 3
1797 1
1798 2
1799 3
1800 2
1801 1
1802 2
1803 3
1804 1
1805 3
1806 2
1807 1
1808 3
1809 1
1810 2
1811 3
1812 1
1813 3
1814 2
1815 1
1816 2
1817 3
1818 2
1819 1
1820 3
1821 1
1822 2
1823 3
1824 2
1825 1
1826 2
1827 3
1828 1
1829 3
1830 2
1831 1
1832 2
1833 3
1834 2
1835 1
1836 3
1837 1
1838 2
1839 3
1840 1
1841 3
1842 2
1843 1
1844 3
1845 1
1846 2
1847 3
1848 2
1849 1
1850 2
1851 3
1852 1
1853 3
1854 2
1855 1
1856 3
1857 1
1858 2
1859 3
1860 1
1861 3
1862 2
1863 1
1864 2
1865 3
1866 2
1867 1
1868 3
1869 1
1870 2
1871 3
1872 1
1873 3
1874 2
1875 1
1876 3
1877 1
1878 2
1879 3
1880 2
1881 1
1882 2
1883 3
1884 1
1885 3
1886 2
1887 1
1888 2
1889 3
1890 2
1891 1
1892 3
1893 1
1894 2
1895 3
1896 2
1897 1
1898 2
1899 3
1900 1
1901 3
1902 2
1903 1
1904 3
1905 1
1906 2
1907 3
1908 1
1909 3
1910 2
1911 1
1912 2
1913 3
1914 2
1915 1
1916 3
1917 1
1918 2
1919 3
1920 2
1921 1
1922 2
1923 3
1924 1
1925 3
1926 2
1927 1
1928 2
1929 3
1930 2
1931 1
1932 3
1933 1
1934 2
1935 3
1936 1
1937 3
1938 2
1939 1
1940 3
1941 1
1942 2
1943 3
1944 2
1945 1
1946 2
1947 3
1948 1
1949 3
1950 2
1951 1
1952 2
1953 3
1954 2
1955 1
1956 3
1957 1
1958 2
1959 3
1960 2
1961 1
1962 2
1963 3
1964 1
1965 3
1966 2
1967 1
1968 3
1969 1
1970 2
1971 3
1972 1
1973 3
1974 2
1975 1
1976 2
1977 3
1978 2
1979 1
1980 3
1981 1
1982 2
1983 3
1984 1
1985 3
1986 2
1987 1
1988 3
1989 1
1990 2
1991 3
1992 2
1993 1
1994 2
1995 3
1996 1
1997 3
1998 2
1999 1
2000 3
2001 1
2002 2
2003 3
2004 1
2005 3
2006 2
2007 1
2008 2
2009 3
2010 2
2011 1
2012 3
2013 1
2014 2
2015 3
2016 2
2017 1
2018 2
2019 3
2020 1
2021 3
2022 2
2023 1
2024 2
2025 3
2026 2
2027 1
2028 3
2029 1
2030 2
2031 3
2032 1
2033 3
2034 2
2035 1
2036 3
2037 1
2038 2
2039 3
2040 2
2041 1
2042 2
2043 3
2044 1
2045 3
2046 2
2047 1
2048 2
2049 3
2050 2
2051 1
2052 3
2053 1
2054 2
2055 3
2056 2
2057 1
2058 2
2059 3
2060 1
2061 3
2062 2
2063 1
2064 3
2065 1
2066 2
2067 3
2068 1
2069 3
2070 2
2071 1
2072 2
2073 3
2074 2
2075 1
2076 3
2077 1
2078 2
2079 3
2080 2
2081 1
2082 2
2083 3
2084 1
2085 3
2086 2
2087 1
2088 2
2089 3
2090 2
2091 1
2092 3
2093 1
2094 2
2095 3
2096 1
2097 3
2098 2
2099 1
2100 3
2101 1
2102 2
2103 3
2104 2
2105 1
2106 2
2107 3
2108 1
2109 3
2110 2
2111 1
2112 3
2113 1
2114 2
2115 3
2116 1
2117 3
2118 2
2119 1
2120 2
2121 3
2122 2
2123 1
2124 3
2125 1
2126 2
2127 3
2128 1
2129 3
2130 2
2131 1
2132 3
2133 1
2134 2
2135 3
2136 2
2137 1
2138 2
2139 3
2140 1
2141 3
2142 2
2143 1
2144 2
2145 3
2146 2
2147 1
2148 3
2149 1
2150 2
2151 3
2152 2
2153 1
2154 2
2155 3
2156 1
2157 3
2158 2
2159 1
2160 3
2161 1
2162 2
2163 3
2164 1
2165 3
2166 2
2167 1
2168 2
2169 3
2170 2
2171 1
2172 3
2173 1
2174 2
2175 3
2176 2
2177 1
2178 2
2179 3
2180 1
2181 3
2182 2
2183 1
2184 2
2185 3
2186 2
2187 1
2188 3
2189 1
2190 2
2191 3
2192 1
2193 3
2194 2
2195 1
2196 3
2197 1
2198 2
2199 3
2200 2
2201 1
2202 2
2203 3
2204 1
2205 3
2206 2
2207 1
2208 2
2209 3
2210 2
2211 1
2212 3
2213 1
2214 2
2215 3
2216 2
2217 1
2218 2
2219 3
2220 1
2221 3
2222 2
2223 1
2224 3
2225 1
2226 2
2227 3
2228 1
2229 3
2230 2
2231 1
2232 2
2233 3
2234 2
2235 1
2236 3
2237 1
2238 2
2239 3
2240 1
2241 3
2242 2
2243 1
2244 3
2245 1
2246 2
2247 3
2248 2
2249 1
2250 2
2251 3
2252 1
2253 3
2254 2
2255 1
2256 3
2257 1
2258 2
2259 3
2260 1
2261 3
2262 2
2263 1
2264 2
2265 3
2266 2
2267 1
2268 3
2269 1
2270 2
2271 3
2272 2
2273 1
2274 2
2275 3
2276 1
2277 3
2278 2
2279 1
2280 2
2281 3
2282 2
2283 1
2284 3
2285 1
2286 2
2287 3
2288 1
2289 3
2290 2
2291 1
2292 3
2293 1
2294 2
2295 3
2296 2
2297 1
2298 2
2299 3
2300 1
2301 3
2302 2
2303 1
2304 3
2305 1
2306 2
2307 3
2308 1
2309 3
2310 2
2311 1
2312 2
2313 3
2314 2
2315 1
2316 3
2317 1
2318 2
2319 3
2320 1
2321 3
2322 2
2323 1
2324 3
2325 1
2326 2
2327 3
2328 2
2329 1
2330 2
2331 3
2332 1
2333 3
2334 2
2335 1
2336 2
2337 3
2338 2
2339 1
2340 3
2341 1
2342 2
2343 3
2344 2
2345 1
2346 2
2347 3
2348 1
2349 3
2350 2
2351 1
2352 3
2353 1
2354 2
2355 3
2356 1
2357 3
2358 2
2359 1
2360 2
2361 3
2362 2
2363 1
2364 3
2365 1
2366 2
2367 3
2368 1
2369 3
2370 2
2371 1
2372 3
2373 1
2374 2
2375 3
2376 2
2377 1
2378 2
2379 3
2380 1
2381 3
2382 2
2383 1
2384 3
2385 1
2386 2
2387 3
2388 1
2389 3
2390 2
2391 1
2392 2
2393 3
2394 2
2395 1
2396 3
2397 1
2398 2
2399 3
2400 2
2401 1
2402 2
2403 3
2404 1
2405 3
2406 2
2407 1
2408 2
2409 3
2410 2
2411 1
2412 3
2413 1
2414 2
2415 3
2416 1
2417 3
2418 2
2419 1
2420 3
2421 1
2422 2
2423 3
2424 2
2425 1
2426 2
2427 3
2428 1
2429 3
2430 2
2431 1
2432 2
2433 3
2434 2
2435 1
2436 3
2437 1
2438 2
2439 3
2440 2
2441 1
2442 2
2443 3
2444 1
2445 3
2446 2
2447 1
2448 3
2449 1
2450 2
2451 3
2452 1
2453 3
2454 2
2455 1
2456 2
2457 3
2458 2
2459 1
2460 3
2461 1
2462 2
2463 3
2464 2
2465 1
2466 2
2467 3
2468 1
2469 3
2470 2
2471 1
2472 2
2473 3
2474 2
2475 1
2476 3
2477 1
2478 2
2479 3
2480 1
2481 3
2482 2
2483 1
2484 3
2485 1
2486 2
2487 3
2488 2
2489 1
2490 2
2491 3
2492 1
2493 3
2494 2
2495 1
2496 3
2497 1
2498 2
2499 3
2500 1
2501 3
2502 2
2503 1
2504 2
2505 3
2506 2
2507 1
2508 3
2509 1
2510 2
2511 3
2512 1
2513 3
2514 2
2515 1
2516 3
2517 1
2518 2
2519 3
2520 2
2521 1
2522 2
2523 3
2524 1
2525 3
2526 2
2527 1
2528 2
2529 3
2530 2
2531 1
2532 3
2533 1
2534 2
2535 3
2536 2
2537 1
2538 2
2539 3
2540 1
2541 3
2542 2
2543 1
2544 3
2545 1
2546 2
2547 3
2548 1
2549 3
2550 2
2551 1
2552 2
2553 3
2554 2
2555 1
2556 3
2557 1
2558 2
2559 3
2560 2
2561 1
2562 2
2563 3
2564 1
2565 3
2566 2
2567 1
2568 2
2569 3
2570 2
2571 1
2572 3
2573 1
2574 2
2575 3
2576 1
2577 3
2578 2
2579 1
2580 3
2581 1
2582 2
2583 3
2584 2
2585 1
2586 2
2587 3
2588 1
2589 3
2590 2
2591 1
2592 2
2593 3
2594 2
2595 1
2596 3
2597 1
2598 2
2599 3
2600 2
2601 1
2602 2
2603 3
2604 1
2605 3
2606 2
2607 1
2608 3
2609 1
2610 2
2611 3
2612 1
2613 3
2614 2
2615 1
2616 2
2617 3
2618 2
2619 1
2620 3
2621 1
2622 2
2623 3
2624 1
2625 3
2626 2
2627 1
2628 3
2629 1
2630 2
2631 3
2632 2
2633 1
2634 2
2635 3
2636 1
2637 3
2638 2
2639 1
2640 3
2641 1
2642 2
2643 3
2644 1
2645 3
2646 2
2647 1
2648 2
2649 3
2650 2
2651 1
2652 3
2653 1
2654 2
2655 3
2656 2
2657 1
2658 2
2659 3
2660 1
2661 3
2662 2
2663 1
2664 2
2665 3
2666 2
2667 1
2668 3
2669 1
2670 2
2671 3
2672 1
2673 3
2674 2
2675 1
2676 3
2677 1
2678 2
2679 3
2680 2
2681 1
2682 2
2683 3
2684 1
2685 3
2686 2
2687 1
2688 2
2689 3
2690 2
2691 1
2692 3
2693 1
2694 2
2695 3
2696 2
2697 1
2698 2
2699 3
2700 1
2701 3
2702 2
2703 1
2704 3
2705 1
2706 2
2707 3
2708 1
2709 3
2710 2
2711 1
2712 2
2713 3
2714 2
2715 1
2716 3
2717 1
2718 2
2719 3
2720 2
2721 1
2722 2
2723 3
2724 1
2725 3
2726 2
2727 1
2728 2
2729 3
2730 2
2731 1
2732 3
2733 1
2734 2
2735 3
2736 1
2737 3
2738 2
2739 1
2740 3
2741 1
2742 2
2743 3
2744 2
2745 1
2746 2
2747 3
2748 1
2749 3
2750 2
2751 1
2752 3
2753 1
2754 2
2755 3
2756 1
2757 3
2758 2
2759 1
2760 2
2761 3
2762 2
2763 1
2764 3
2765 1
2766 2
2767 3
2768 1
2769 3
2770 2
2771 1
2772 3
2773 1
2774 2
2775 3
2776 2
2777 1
2778 2
2779 3
2780 1
2781 3
2782 2
2783 1
2784 2
2785 3
2786 2
2787 1
2788 3
2789 1
2790 2
2791 3
2792 2
2793 1
2794 2
2795 3
2796 1
2797 3
2798 2
2799 1
2800 3
2801 1
2802 2
2803 3
2804 1
2805 3
2806 2
2807 1
2808 2
2809 3
2810 2
2811 1
2812 3
2813 1
2814 2
2815 3
2816 1
2817 3
2818 2
2819 1
2820 3
2821 1
2822 2
2823 3
2824 2
2825 1
2826 2
2827 3
2828 1
2829 3
2830 2
2831 1
2832 3
2833 1
2834 2
2835 3
2836 1
2837 3
2838 2
2839 1
2840 2
2841 3
2842 2
2843 1
2844 3
2845 1
2846 2
2847 3
2848 2
2849 1
2850 2
2851 3
2852 1
2853 3
2854 2
2855 1
2856 2
2857 3
2858 2
2859 1
2860 3
2861 1
2862 2
2863 3
2864 1
2865 3
2866 2
2867 1
2868 3
2869 1
2870 2
2871 3
2872 2
2873 1
2874 2
2875 3
2876 1
2877 3
2878 2
2879 1
2880 3
2881 1
2882 2
2883 3
2884 1
2885 3
2886 2
2887 1
2888 2
2889 3
2890 2
2891 1
2892 3
2893 1
2894 2
2895 3
2896 1
2897 3
2898 2
2899 1
2900 3
2901 1
2902 2
2903 3
2904 2
2905 1
2906 2
2907 3
2908 1
2909 3
2910 2
2911 1
2912 2
2913 3
2914 2
2915 1
2916 3
2917 1
2918 2
2919 3
2920 2
2921 1
2922 2
2923 3
2924 1
2925 3
2926 2
2927 1
2928 3
2929 1
2930 2
2931 3
2932 1
2933 3
2934 2
2935 1
2936 2
2937 3
2938 2
2939 1
2940 3
2941 1
2942 2
2943 3
2944 2
2945 1
2946 2
2947 3
2948 1
2949 3
2950 2
2951 1
2952 2
2953 3
2954 2
2955 1
2956 3
2957 1
2958 2
2959 3
2960 1
2961 3
2962 2
2963 1
2964 3
2965 1
2966 2
2967 3
2968 2
2969 1
2970 2
2971 3
2972 1
2973 3
2974 2
2975 1
2976 2
2977 3
2978 2
2979 1
2980 3
2981 1
2982 2
2983 3
2984 2
2985 1
2986 2
2987 3
2988 1
2989 3
2990 2
2991 1
2992 3
2993 1
2994 2
2995 3
2996 1
2997 3
2998 2
2999 1
3000 2
3001 3
3002 2
3003 1
3004 3
3005 1
3006 2
3007 3
3008 1
3009 3
3010 2
3011 1
3012 3
3013 1
3014 2
3015 3
3016 2
3017 1
3018 2
3019 3
3020 1
3021 3
3022 2
3023 1
3024 3
3025 1
3026 2
3027 3
3028 1
3029 3
3030 2
3031 1
3032 2
3033 3
3034 2
3035 1
3036 3
3037 1
3038 2
3039 3
3040 2
3041 1
3042 2
3043 3
3044 1
3045 3
3046 2
3047 1
3048 2
3049 3
3050 2
3051 1
3052 3
3053 1
3054 2
3055 3
3056 1
3057 3
3058 2
3059 1
3060 3
3061 1
3062 2
3063 3
3064 2
3065 1
3066 2
3067 3
3068 1
3069 3
3070 2
3071 1
3072 3
3073 1
3074 2
3075 3
3076 1
3077 3
3078 2
3079 1
3080 2
3081 3
3082 2
3083 1
3084 3
3085 1
3086 2
3087 3
3088 1
3089 3
3090 2
3091 1
3092 3
3093 1
3094 2
3095 3
3096 2
3097 1
3098 2
3099 3
3100 1
3101 3
3102 2
3103 1
3104 2
3105 3
3106 2
3107 1
3108 3
3109 1
3110 2
3111 3
3112 2
3113 1
3114 2
3115 3
3116 1
3117 3
3118 2
3119 1
3120 3
3121 1
3122 2
3123 3
3124 1
3125 3
3126 2
3127 1
3128 2
3129 3
3130 2
3131 1
3132 3
3133 1
3134 2
3135 3
3136 1
3137 3
3138 2
3139 1
3140 3
3141 1
3142 2
3143 3
3144 2
3145 1
3146 2
3147 3
3148 1
3149 3
3150 2
3151 1
3152 3
3153 1
3154 2
3155 3
3156 1
3157 3
3158 2
3159 1
3160 2
3161 3
3162 2
3163 1
3164 3
3165 1
3166 2
3167 3
3168 2
3169 1
3170 2
3171 3
3172 1
3173 3
3174 2
3175 1
3176 2
3177 3
3178 2
3179 1
3180 3
3181 1
3182 2
3183 3
3184 1
3185 3
3186 2
3187 1
3188 3
3189 1
3190 2
3191 3
3192 2
3193 1
3194 2
3195 3
3196 1
3197 3
3198 2
3199 1
3200 2
3201 3
3202 2
3203 1
3204 3
3205 1
3206 2
3207 3
3208 2
3209 1
3210 2
3211 3
3212 1
3213 3
3214 2
3215 1
3216 3
3217 1
3218 2
3219 3
3220 1
3221 3
3222 2
3223 1
3224 2
3225 3
3226 2
3227 1
3228 3
3229 1
3230 2
3231 3
3232 2
3233 1
3234 2
3235 3
3236 1
3237 3
3238 2
3239 1
3240 2
3241 3
3242 2
3243 1
3244 3
3245 1
3246 2
3247 3
3248 1
3249 3
3250 2
3251 1
3252 3
3253 1
3254 2
3255 3
3256 2
3257 1
3258 2
3259 3
3260 1
3261 3
3262 2
3263 1
3264 3
3265 1
3266 2
3267 3
3268 1
3269 3
3270 2
3271 1
3272 2
3273 3
3274 2
3275 1
3276 3
3277 1
3278 2
3279 3
3280 1
3281 3
3282 2
3283 1
3284 3
3285 1
3286 2
3287 3
3288 2
3289 1
3290 2
3291 3
3292 1
3293 3
3294 2
3295 1
3296 2
3297 3
3298 2
3299 1
3300 3
3301 1
3302 2
3303 3
3304 2
3305 1
3306 2
3307 3
3308 1
3309 3
3310 2
3311 1
3312 3
3313 1
3314 2
3315 3
3316 1
3317 3
3318 2
3319 1
3320 2
3321 3
3322 2
3323 1
3324 3
3325 1
3326 2
3327 3
3328 1
3329 3
3330 2
3331 1
3332 3
3333 1
3334 2
3335 3
3336 2
3337 1
3338 2
3339 3
3340 1
3341 3
3342 2
3343 1
3344 3
3345 1
3346 2
3347 3
3348 1
3349 3
3350 2
3351 1
3352 2
3353 3
3354 2
3355 1
3356 3
3357 1
3358 2
3359 3
3360 2
3361 1
3362 2
3363 3
3364 1
3365 3
3366 2
3367 1
3368 2
3369 3
3370 2
3371 1
3372 3
3373 1
3374 2
3375 3
3376 1
3377 3
3378 2
3379 1
3380 3
3381 1
3382 2
3383 3
3384 2
3385 1
3386 2
3387 3
3388 1
3389 3
3390 2
3391 1
3392 3
3393 1
3394 2
3395 3
3396 1
3397 3
3398 2
3399 1
3400 2
3401 3
3402 2
3403 1
3404 3
3405 1
3406 2
3407 3
3408 1
3409 3
3410 2
3411 1
3412 3
3413 1
3414 2
3415 3
3416 2
3417 1
3418 2
3419 3
3420 1
3421 3
3422 2
3423 1
3424 2
3425 3
3426 2
3427 1
3428 3
3429 1
3430 2
3431 3
3432 2
3433 1
3434 2
3435 3
3436 1
3437 3
3438 2
3439 1
3440 3
3441 1
3442 2
3443 3
3444 1
3445 3
3446 2
3447 1
3448 2
3449 3
3450 2
3451 1
3452 3
3453 1
3454 2
3455 3
3456 2
3457 1
3458 2
3459 3
3460 1
3461 3
3462 2
3463 1
3464 2
3465 3
3466 2
3467 1
3468 3
3469 1
3470 2
3471 3
3472 1
3473 3
3474 2
3475 1
3476 3
3477 1
3478 2
3479 3
3480 2
3481 1
3482 2
3483 3
3484 1
3485 3
3486 2
3487 1
3488 2
3489 3
3490 2
3491 1
3492 3
3493 1
3494 2
3495 3
3496 2
3497 1
3498 2
3499 3
3500 1
3501 3
3502 2
3503 1
3504 3
3505 1
3506 2
3507 3
3508 1
3509 3
3510 2
3511 1
3512 2
3513 3
3514 2
3515 1
3516 3
3517 1
3518 2
3519 3
3520 1
3521 3
3522 2
3523 1
3524 3
3525 1
3526 2
3527 3
3528 2
3529 1
3530 2
3531 3
3532 1
3533 3
3534 2
3535 1
3536 3
3537 1
3538 2
3539 3
3540 1
3541 3
3542 2
3543 1
3544 2
3545 3
3546 2
3547 1
3548 3
3549 1
3550 2
3551 3
3552 2
3553 1
3554 2
3555 3
3556 1
3557 3
3558 2
3559 1
3560 2
3561 3
3562 2
3563 1
3564 3
3565 1
3566 2
3567 3
3568 1
3569 3
3570 2
3571 1
3572 3
3573 1
3574 2
3575 3
3576 2
3577 1
3578 2
3579 3
3580 1
3581 3
3582 2
3583 1
3584 2
3585 3
3586 2
3587 1
3588 3
3589 1
3590 2
3591 3
3592 2
3593 1
3594 2
3595 3
3596 1
3597 3
3598 2
3599 1
3600 3
3601 1
3602 2
3603 3
3604 1
3605 3
3606 2
3607 1
3608 2
3609 3
3610 2
3611 1
3612 3
3613 1
3614 2
3615 3
3616 2
3617 1
3618 2
3619 3
3620 1
3621 3
3622 2
3623 1
3624 2
3625 3
3626 2
3627 1
3628 3
3629 1
3630 2
3631 3
3632 1
3633 3
3634 2
3635 1
3636 3
3637 1
3638 2
3639 3
3640 2
3641 1
3642 2
3643 3
3644 1
3645 3
3646 2
3647 1
3648 3
3649 1
3650 2
3651 3
3652 1
3653 3
3654 2
3655 1
3656 2
3657 3
3658 2
3659 1
3660 3
3661 1
3662 2
3663 3
3664 1
3665 3
3666 2
3667 1
3668 3
3669 1
3670 2
3671 3
3672 2
3673 1
3674 2
3675 3
3676 1
3677 3
3678 2
3679 1
3680 2
3681 3
3682 2
3683 1
3684 3
3685 1
3686 2
3687 3
3688 2
3689 1
3690 2
3691 3
3692 1
3693 3
3694 2
3695 1
3696 3
3697 1
3698 2
3699 3
3700 1
3701 3
3702 2
3703 1
3704 2
3705 3
3706 2
3707 1
3708 3
3709 1
3710 2
3711 3
3712 2
3713 1
3714 2
3715 3
3716 1
3717 3
3718 2
3719 1
3720 2
3721 3
3722 2
3723 1
3724 3
3725 1
3726 2
3727 3
3728 1
3729 3
3730 2
3731 1
3732 3
3733 1
3734 2
3735 3
3736 2
3737 1
3738 2
3739 3
3740 1
3741 3
3742 2
3743 1
3744 2
3745 3
3746 2
3747 1
3748 3
3749 1
3750 2
3751 3
3752 2
3753 1
3754 2
3755 3
3756 1
3757 3
3758 2
3759 1
3760 3
3761 1
3762 2
3763 3
3764 1
3765 3
3766 2
3767 1
3768 2
3769 3
3770 2
3771 1
3772 3
3773 1
3774 2
3775 3
3776 1
3777 3
3778 2
3779 1
3780 3
3781 1
3782 2
3783 3
3784 2
3785 1
3786 2
3787 3
3788 1
3789 3
3790 2
3791 1
3792 3
3793 1
3794 2
3795 3
3796 1
3797 3
3798 2
3799 1
3800 2
3801 3
3802 2
3803 1
3804 3
3805 1
3806 2
3807 3
3808 2
3809 1
3810 2
3811 3
3812 1
3813 3
3814 2
3815 1
3816 2
3817 3
3818 2
3819 1
3820 3
3821 1
3822 2
3823 3
3824 1
3825 3
3826 2
3827 1
3828 3
3829 1
3830 2
3831 3
3832 2
3833 1
3834 2
3835 3
3836 1
3837 3
3838 2
3839 1
3840 3
3841 1
3842 2
3843 3
3844 1
3845 3
3846 2
3847 1
3848 2
3849 3
3850 2
3851 1
3852 3
3853 1
3854 2
3855 3
3856 1
3857 3
3858 2
3859 1
3860 3
3861 1
3862 2
3863 3
3864 2
3865 1
3866 2
3867 3
3868 1
3869 3
3870 2
3871 1
3872 2
3873 3
3874 2
3875 1
3876 3
3877 1
3878 2
3879 3
3880 2
3881 1
3882 2
3883 3
3884 1
3885 3
3886 2
3887 1
3888 3
3889 1
3890 2
3891 3
3892 1
3893 3
3894 2
3895 1
3896 2
3897 3
3898 2
3899 1
3900 3
3901 1
3902 2
3903 3
3904 1
3905 3
3906 2
3907 1
3908 3
3909 1
3910 2
3911 3
3912 2
3913 1
3914 2
3915 3
3916 1
3917 3
3918 2
3919 1
3920 3
3921 1
3922 2
3923 3
3924 1
3925 3
3926 2
3927 1
3928 2
3929 3
3930 2
3931 1
3932 3
3933 1
3934 2
3935 3
3936 2
3937 1
3938 2
3939 3
3940 1
3941 3
3942 2
3943 1
3944 2
3945 3
3946 2
3947 1
3948 3
3949 1
3950 2
3951 3
3952 1
3953 3
3954 2
3955 1
3956 3
3957 1
3958 2
3959 3
3960 2
3961 1
3962 2
3963 3
3964 1
3965 3
3966 2
3967 1
3968 2
3969 3
3970 2
3971 1
3972 3
3973 1
3974 2
3975 3
3976 2
3977 1
3978 2
3979 3
3980 1
3981 3
3982 2
3983 1
3984 3
3985 1
3986 2
3987 3
3988 1
3989 3
3990 2
3991 1
3992 2
3993 3
3994 2
3995 1
3996 3
3997 1
3998 2
3999 3
4000 2
4001 1
4002 2
4003 3
4004 1
4005 3
4006 2
4007 1
4008 2
4009 3
4010 2
4011 1
4012 3
4013 1
4014 2
4015 3
4016 1
4017 3
4018 2
4019 1
4020 3
4021 1
4022 2
4023 3
4024 2
4025 1
4026 2
4027 3
4028 1
4029 3
4030 2
4031 1
4032 3
4033 1
4034 2
4035 3
4036 1
4037 3
4038 2
4039 1
4040 2
4041 3
4042 2
4043 1
4044 3
4045 1
4046 2
4047 3
4048 1
4049 3
4050 2
4051 1
4052 3
4053 1
4054 2
4055 3
4056 2
4057 1
4058 2
4059 3
4060 1
4061 3
4062 2
4063 1
4064 2
4065 3
4066 2
4067 1
4068 3
4069 1
4070 2
4071 3
4072 2
4073 1
4074 2
4075 3
4076 1
4077 3
4078 2
4079 1
4080 3
4081 1
4082 2
4083 3
4084 1
4085 3
4086 2
4087 1
4088 2
4089 3
4090 2
4091 1
4092 3
4093 1
4094 2
4095 3
4096 1
4097 3
4098 2
4099 1
4100 3
4101 1
4102 2
4103 3
4104 2
4105 1
4106 2
4107 3
4108 1
4109 3
4110 2
4111 1
4112 3
4113 1
4114 2
4115 3
4116 1
4117 3
4118 2
4119 1
4120 2
4121 3
4122 2
4123 1
4124 3
4125 1
4126 2
4127 3
4128 2
4129 1
4130 2
4131 3
4132 1
4133 3
4134 2
4135 1
4136 2
4137 3
4138 2
4139 1
4140 3
4141 1
4142 2
4143 3
4144 1
4145 3
4146 2
4147 1
4148 3
4149 1
4150 2
4151 3
4152 2
4153 1
4154 2
4155 3
4156 1
4157 3
4158 2
4159 1
4160 3
4161 1
4162 2
4163 3
4164 1
4165 3
4166 2
4167 1
4168 2
4169 3
4170 2
4171 1
4172 3
4173 1
4174 2
4175 3
4176 1
4177 3
4178 2
4179 1
4180 3
4181 1
4182 2
4183 3
4184 2
4185 1
4186 2
4187 3
4188 1
4189 3
4190 2
4191 1
4192 2
4193 3
4194 2
4195 1
4196 3
4197 1
4198 2
4199 3
4200 2
4201 1
4202 2
4203 3
4204 1
4205 3
4206 2
4207 1
4208 3
4209 1
4210 2
4211 3
4212 1
4213 3
4214 2
4215 1
4216 2
4217 3
4218 2
4219 1
4220 3
4221 1
4222 2
4223 3
4224 2
4225 1
4226 2
4227 3
4228 1
4229 3
4230 2
4231 1
4232 2
4233 3
4234 2
4235 1
4236 3
4237 1
4238 2
4239 3
4240 1
4241 3
4242 2
4243 1
4244 3
4245 1
4246 2
4247 3
4248 2
4249 1
4250 2
4251 3
4252 1
4253 3
4254 2
4255 1
4256 2
4257 3
4258 2
4259 1
4260 3
4261 1
4262 2
4263 3
4264 2
4265 1
4266 2
4267 3
4268 1
4269 3
4270 2
4271 1
4272 3
4273 1
4274 2
4275 3
4276 1
4277 3
4278 2
4279 1
4280 2
4281 3
4282 2
4283 1
4284 3
4285 1
4286 2
4287 3
4288 1
4289 3
4290 2
4291 1
4292 3
4293 1
4294 2
4295 3
4296 2
4297 1
4298 2
4299 3
4300 1
4301 3
4302 2
4303 1
4304 3
4305 1
4306 2
4307 3
4308 1
4309 3
4310 2
4311 1
4312 2
4313 3
4314 2
4315 1
4316 3
4317 1
4318 2
4319 3
4320 2
4321 1
4322 2
4323 3
4324 1
4325 3
4326 2
4327 1
4328 2
4329 3
4330 2
4331 1
4332 3
4333 1
4334 2
4335 3
4336 1
4337 3
4338 2
4339 1
4340 3
4341 1
4342 2
4343 3
4344 2
4345 1
4346 2
4347 3
4348 1
4349 3
4350 2
4351 1
4352 3
4353 1
4354 2
4355 3
4356 1
4357 3
4358 2
4359 1
4360 2
4361 3
4362 2
4363 1
4364 3
4365 1
4366 2
4367 3
4368 1
4369 3
4370 2
4371 1
4372 3
4373 1
4374 2
4375 3
4376 2
4377 1
4378 2
4379 3
4380 1
4381 3
4382 2
4383 1
4384 2
4385 3
4386 2
4387 1
4388 3
4389 1
4390 2
4391 3
4392 2
4393 1
4394 2
4395 3
4396 1
4397 3
4398 2
4399 1
4400 3
4401 1
4402 2
4403 3
4404 1
4405 3
4406 2
4407 1
4408 2
4409 3
4410 2
4411 1
4412 3
4413 1
4414 2
4415 3
4416 1
4417 3
4418 2
4419 1
4420 3
4421 1
4422 2
4423 3
4424 2
4425 1
4426 2
4427 3
4428 1
4429 3
4430 2
4431 1
4432 3
4433 1
4434 2
4435 3
4436 1
4437 3
4438 2
4439 1
4440 2
4441 3
4442 2
4443 1
4444 3
4445 1
4446 2
4447 3
4448 2
4449 1
4450 2
4451 3
4452 1
4453 3
4454 2
4455 1
4456 2
4457 3
4458 2
4459 1
4460 3
4461 1
4462 2
4463 3
4464 1
4465 3
4466 2
4467 1
4468 3
4469 1
4470 2
4471 3
4472 2
4473 1
4474 2
4475 3
4476 1
4477 3
4478 2
4479 1
4480 2
4481 3
4482 2
4483 1
4484 3
4485 1
4486 2
4487 3
4488 2
4489 1
4490 2
4491 3
4492 1
4493 3
4494 2
4495 1
4496 3
4497 1
4498 2
4499 3
4500 1
4501 3
4502 2
4503 1
4504 2
4505 3
4506 2
4507 1
4508 3
4509 1
4510 2
4511 3
4512 2
4513 1
4514 2
4515 3
4516 1
4517 3
4518 2
4519 1
4520 2
4521 3
4522 2
4523 1
4524 3
4525 1
4526 2
4527 3
4528 1
4529 3
4530 2
4531 1
4532 3
4533 1
4534 2
4535 3
4536 2
4537 1
4538 2
4539 3
4540 1
4541 3
4542 2
4543 1
4544 3
4545 1
4546 2
4547 3
4548 1
4549 3
4550 2
4551 1
4552 2
4553 3
4554 2
4555 1
4556 3
4557 1
4558 2
4559 3
4560 1
4561 3
4562 2
4563 1
4564 3
4565 1
4566 2
4567 3
4568 2
4569 1
4570 2
4571 3
4572 1
4573 3
4574 2
4575 1
4576 2
4577 3
4578 2
4579 1
4580 3
4581 1
4582 2
4583 3
4584 2
4585 1
4586 2
4587 3
4588 1
4589 3
4590 2
4591 1
4592 3
4593 1
4594 2
4595 3
4596 1
4597 3
4598 2
4599 1
4600 2
4601 3
4602 2
4603 1
4604 3
4605 1
4606 2
4607 3
4608 2
4609 1
4610 2
4611 3
4612 1
4613 3
4614 2
4615 1
4616 2
4617 3
4618 2
4619 1
4620 3
4621 1
4622 2
4623 3
4624 1
4625 3
4626 2
4627 1
4628 3
4629 1
4630 2
4631 3
4632 2
4633 1
4634 2
4635 3
4636 1
4637 3
4638 2
4639 1
4640 2
4641 3
4642 2
4643 1
4644 3
4645 1
4646 2
4647 3
4648 2
4649 1
4650 2
4651 3
4652 1
4653 3
4654 2
4655 1
4656 3
4657 1
4658 2
4659 3
4660 1
4661 3
4662 2
4663 1
4664 2
4665 3
4666 2
4667 1
4668 3
4669 1
4670 2
4671 3
4672 1
4673 3
4674 2
4675 1
4676 3
4677 1
4678 2
4679 3
4680 2
4681 1
4682 2
4683 3
4684 1
4685 3
4686 2
4687 1
4688 3
4689 1
4690 2
4691 3
4692 1
4693 3
4694 2
4695 1
4696 2
4697 3
4698 2
4699 1
4700 3
4701 1
4702 2
4703 3
4704 2
4705 1
4706 2
4707 3
4708 1
4709 3
4710 2
4711 1
4712 2
4713 3
4714 2
4715 1
4716 3
4717 1
4718 2
4719 3
4720 1
4721 3
4722 2
4723 1
4724 3
4725 1
4726 2
4727 3
4728 2
4729 1
4730 2
4731 3
4732 1
4733 3
4734 2
4735 1
4736 2
4737 3
4738 2
4739 1
4740 3
4741 1
4742 2
4743 3
4744 2
4745 1
4746 2
4747 3
4748 1
4749 3
4750 2
4751 1
4752 3
4753 1
4754 2
4755 3
4756 1
4757 3
4758 2
4759 1
4760 2
4761 3
4762 2
4763 1
4764 3
4765 1
4766 2
4767 3
4768 2
4769 1
4770 2
4771 3
4772 1
4773 3
4774 2
4775 1
4776 2
4777 3
4778 2
4779 1
4780 3
4781 1
4782 2
4783 3
4784 1
4785 3
4786 2
4787 1
4788 3
4789 1
4790 2
4791 3
4792 2
4793 1
4794 2
4795 3
4796 1
4797 3
4798 2
4799 1
4800 3
4801 1
4802 2
4803 3
4804 1
4805 3
4806 2
4807 1
4808 2
4809 3
4810 2
4811 1
4812 3
4813 1
4814 2
4815 3
4816 1
4817 3
4818 2
4819 1
4820 3
4821 1
4822 2
4823 3
4824 2
4825 1
4826 2
4827 3
4828 1
4829 3
4830 2
4831 1
4832 2
4833 3
4834 2
4835 1
4836 3
4837 1
4838 2
4839 3
4840 2
4841 1
4842 2
4843 3
4844 1
4845 3
4846 2
4847 1
4848 3
4849 1
4850 2
4851 3
4852 1
4853 3
4854 2
4855 1
4856 2
4857 3
4858 2
4859 1
4860 3
4861 1
4862 2
4863 3
4864 1
4865 3
4866 2
4867 1
4868 3
4869 1
4870 2
4871 3
4872 2
4873 1
4874 2
4875 3
4876 1
4877 3
4878 2
4879 1
4880 3
4881 1
4882 2
4883 3
4884 1
4885 3
4886 2
4887 1
4888 2
4889 3
4890 2
4891 1
4892 3
4893 1
4894 2
4895 3
4896 2
4897 1
4898 2
4899 3
4900 1
4901 3
4902 2
4903 1
4904 2
4905 3
4906 2
4907 1
4908 3
4909 1
4910 2
4911 3
4912 1
4913 3
4914 2
4915 1
4916 3
4917 1
4918 2
4919 3
4920 2
4921 1
4922 2
4923 3
4924 1
4925 3
4926 2
4927 1
4928 3
4929 1
4930 2
4931 3
4932 1
4933 3
4934 2
4935 1
4936 2
4937 3
4938 2
4939 1
4940 3
4941 1
4942 2
4943 3
4944 1
4945 3
4946 2
4947 1
4948 3
4949 1
4950 2
4951 3
4952 2
4953 1
4954 2
4955 3
4956 1
4957 3
4958 2
4959 1
4960 2
4961 3
4962 2
4963 1
4964 3
4965 1
4966 2
4967 3
4968 2
4969 1
4970 2
4971 3
4972 1
4973 3
4974 2
4975 1
4976 3
4977 1
4978 2
4979 3
4980 1
4981 3
4982 2
4983 1
4984 2
4985 3
4986 2
4987 1
4988 3
4989 1
4990 2
4991 3
4992 2
4993 1
4994 2
4995 3
4996 1
4997 3
4998 2
4999 1
5000 2
5001 3
5002 2
5003 1
5004 3
5005 1
5006 2
5007 3
5008 1
5009 3
5010 2
5011 1
5012 3
5013 1
5014 2
5015 3
5016 2
5017 1
5018 2
5019 3
5020 1
5021 3
5022 2
5023 1
5024 2
5025 3
5026 2
5027 1
5028 3
5029 1
5030 2
5031 3
5032 2
5033 1
5034 2
5035 3
5036 1
5037 3
5038 2
5039 1
5040 3
5041 1
5042 2
5043 3
5044 1
5045 3
5046 2
5047 1
5048 2
5049 3
5050 2
5051 1
5052 3
5053 1
5054 2
5055 3
5056 1
5057 3
5058 2
5059 1
5060 3
5061 1
5062 2
5063 3
5064 2
5065 1
5066 2
5067 3
5068 1
5069 3
5070 2
5071 1
5072 3
5073 1
5074 2
5075 3
5076 1
5077 3
5078 2
5079 1
5080 2
5081 3
5082 2
5083 1
5084 3
5085 1
5086 2
5087 3
5088 2
5089 1
5090 2
5091 3
5092 1
5093 3
5094 2
5095 1
5096 2
5097 3
5098 2
5099 1
5100 3
5101 1
5102 2
5103 3
5104 1
5105 3
5106 2
5107 1
5108 3
5109 1
5110 2
5111 3
5112 2
5113 1
5114 2
5115 3
5116 1
5117 3
5118 2
5119 1
5120 3
5121 1
5122 2
5123 3
5124 1
5125 3
5126 2
5127 1
5128 2
5129 3
5130 2
5131 1
5132 3
5133 1
5134 2
5135 3
5136 1
5137 3
5138 2
5139 1
5140 3
5141 1
5142 2
5143 3
5144 2
5145 1
5146 2
5147 3
5148 1
5149 3
5150 2
5151 1
5152 2
5153 3
5154 2
5155 1
5156 3
5157 1
5158 2
5159 3
5160 2
5161 1
5162 2
5163 3
5164 1
5165 3
5166 2
5167 1
5168 3
5169 1
5170 2
5171 3
5172 1
5173 3
5174 2
5175 1
5176 2
5177 3
5178 2
5179 1
5180 3
5181 1
5182 2
5183 3
5184 1
5185 3
5186 2
5187 1
5188 3
5189 1
5190 2
5191 3
5192 2
5193 1
5194 2
5195 3
5196 1
5197 3
5198 2
5199 1
5200 3
5201 1
5202 2
5203 3
5204 1
5205 3
5206 2
5207 1
5208 2
5209 3
5210 2
5211 1
5212 3
5213 1
5214 2
5215 3
5216 2
5217 1
5218 2
5219 3
5220 1
5221 3
5222 2
5223 1
5224 2
5225 3
5226 2
5227 1
5228 3
5229 1
5230 2
5231 3
5232 1
5233 3
5234 2
5235 1
5236 3
5237 1
5238 2
5239 3
5240 2
5241 1
5242 2
5243 3
5244 1
5245 3
5246 2
5247 1
5248 2
5249 3
5250 2
5251 1
5252 3
5253 1
5254 2
5255 3
5256 2
5257 1
5258 2
5259 3
5260 1
5261 3
5262 2
5263 1
5264 3
5265 1
5266 2
5267 3
5268 1
5269 3
5270 2
5271 1
5272 2
5273 3
5274 2
5275 1
5276 3
5277 1
5278 2
5279 3
5280 2
5281 1
5282 2
5283 3
5284 1
5285 3
5286 2
5287 1
5288 2
5289 3
5290 2
5291 1
5292 3
5293 1
5294 2
5295 3
5296 1
5297 3
5298 2
5299 1
5300 3
5301 1
5302 2
5303 3
5304 2
5305 1
5306 2
5307 3
5308 1
5309 3
5310 2
5311 1
5312 3
5313 1
5314 2
5315 3
5316 1
5317 3
5318 2
5319 1
5320 2
5321 3
5322 2
5323 1
5324 3
5325 1
5326 2
5327 3
5328 1
5329 3
5330 2
5331 1
5332 3
5333 1
5334 2
5335 3
5336 2
5337 1
5338 2
5339 3
5340 1
5341 3
5342 2
5343 1
5344 2
5345 3
5346 2
5347 1
5348 3
5349 1
5350 2
5351 3
5352 2
5353 1
5354 2
5355 3
5356 1
5357 3
5358 2
5359 1
5360 3
5361 1
5362 2
5363 3
5364 1
5365 3
5366 2
5367 1
5368 2
5369 3
5370 2
5371 1
5372 3
5373 1
5374 2
5375 3
5376 1
5377 3
5378 2
5379 1
5380 3
5381 1
5382 2
5383 3
5384 2
5385 1
5386 2
5387 3
5388 1
5389 3
5390 2
5391 1
5392 3
5393 1
5394 2
5395 3
5396 1
5397 3
5398 2
5399 1
5400 2
5401 3
5402 2
5403 1
5404 3
5405 1
5406 2
5407 3
5408 2
5409 1
5410 2
5411 3
5412 1
5413 3
5414 2
5415 1
5416 2
5417 3
5418 2
5419 1
5420 3
5421 1
5422 2
5423 3
5424 1
5425 3
5426 2
5427 1
5428 3
5429 1
5430 2
5431 3
5432 2
5433 1
5434 2
5435 3
5436 1
5437 3
5438 2
5439 1
5440 3
5441 1
5442 2
5443 3
5444 1
5445 3
5446 2
5447 1
5448 2
5449 3
5450 2
5451 1
5452 3
5453 1
5454 2
5455 3
5456 1
5457 3
5458 2
5459 1
5460 3
5461 1
5462 2
5463 3
5464 2
5465 1
5466 2
5467 3
5468 1
5469 3
5470 2
5471 1
5472 2
5473 3
5474 2
5475 1
5476 3
5477 1
5478 2
5479 3
5480 2
5481 1
5482 2
5483 3
5484 1
5485 3
5486 2
5487 1
5488 3
5489 1
5490 2
5491 3
5492 1
5493 3
5494 2
5495 1
5496 2
5497 3
5498 2
5499 1
5500 3
5501 1
5502 2
5503 3
5504 2
5505 1
5506 2
5507 3
5508 1
5509 3
5510 2
5511 1
5512 2
5513 3
5514 2
5515 1
5516 3
5517 1
5518 2
5519 3
5520 1
5521 3
5522 2
5523 1
5524 3
5525 1
5526 2
5527 3
5528 2
5529 1
5530 2
5531 3
5532 1
5533 3
5534 2
5535 1
5536 2
5537 3
5538 2
5539 1
5540 3
5541 1
5542 2
5543 3
5544 2
5545 1
5546 2
5547 3
5548 1
5549 3
5550 2
5551 1
5552 3
5553 1
5554 2
5555 3
5556 1
5557 3
5558 2
5559 1
5560 2
5561 3
5562 2
5563 1
5564 3
5565 1
5566 2
5567 3
5568 1
5569 3
5570 2
5571 1
5572 3
5573 1
5574 2
5575 3
5576 2
5577 1
5578 2
5579 3
5580 1
5581 3
5582 2
5583 1
5584 3
5585 1
5586 2
5587 3
5588 1
5589 3
5590 2
5591 1
5592 2
5593 3
5594 2
5595 1
5596 3
5597 1
5598 2
5599 3
5600 2
5601 1
5602 2
5603 3
5604 1
5605 3
5606 2
5607 1
5608 2
5609 3
5610 2
5611 1
5612 3
5613 1
5614 2
5615 3
5616 1
5617 3
5618 2
5619 1
5620 3
5621 1
5622 2
5623 3
5624 2
5625 1
5626 2
5627 3
5628 1
5629 3
5630 2
5631 1
5632 2
5633 3
5634 2
5635 1
5636 3
5637 1
5638 2
5639 3
5640 2
5641 1
5642 2
5643 3
5644 1
5645 3
5646 2
5647 1
5648 3
5649 1
5650 2
5651 3
5652 1
5653 3
5654 2
5655 1
5656 2
5657 3
5658 2
5659 1
5660 3
5661 1
5662 2
5663 3
5664 2
5665 1
5666 2
5667 3
5668 1
5669 3
5670 2
5671 1
5672 2
5673 3
5674 2
5675 1
5676 3
5677 1
5678 2
5679 3
5680 1
5681 3
5682 2
5683 1
5684 3
5685 1
5686 2
5687 3
5688 2
5689 1
5690 2
5691 3
5692 1
5693 3
5694 2
5695 1
5696 3
5697 1
5698 2
5699 3
5700 1
5701 3
5702 2
5703 1
5704 2
5705 3
5706 2
5707 1
5708 3
5709 1
5710 2
5711 3
5712 1
5713 3
5714 2
5715 1
5716 3
5717 1
5718 2
5719 3
5720 2
5721 1
5722 2
5723 3
5724 1
5725 3
5726 2
5727 1
5728 2
5729 3
5730 2
5731 1
5732 3
5733 1
5734 2
5735 3
5736 2
5737 1
5738 2
5739 3
5740 1
5741 3
5742 2
5743 1
5744 3
5745 1
5746 2
5747 3
5748 1
5749 3
5750 2
5751 1
5752 2
5753 3
5754 2
5755 1
5756 3
5757 1
5758 2
5759 3
5760 2
5761 1
5762 2
5763 3
5764 1
5765 3
5766 2
5767 1
5768 2
5769 3
5770 2
5771 1
5772 3
5773 1
5774 2
5775 3
5776 1
5777 3
5778 2
5779 1
5780 3
5781 1
5782 2
5783 3
5784 2
5785 1
5786 2
5787 3
5788 1
5789 3
5790 2
5791 1
5792 2
5793 3
5794 2
5795 1
5796 3
5797 1
5798 2
5799 3
5800 2
5801 1
5802 2
5803 3
5804 1
5805 3
5806 2
5807 1
5808 3
5809 1
5810 2
5811 3
5812 1
5813 3
5814 2
5815 1
5816 2
5817 3
5818 2
5819 1
5820 3
5821 1
5822 2
5823 3
5824 1
5825 3
5826 2
5827 1
5828 3
5829 1
5830 2
5831 3
5832 2
5833 1
5834 2
5835 3
5836 1
5837 3
5838 2
5839 1
5840 3
5841 1
5842 2
5843 3
5844 1
5845 3
5846 2
5847 1
5848 2
5849 3
5850 2
5851 1
5852 3
5853 1
5854 2
5855 3
5856 2
5857 1
5858 2
5859 3
5860 1
5861 3
5862 2
5863 1
5864 2
5865 3
5866 2
5867 1
5868 3
5869 1
5870 2
5871 3
5872 1
5873 3
5874 2
5875 1
5876 3
5877 1
5878 2
5879 3
5880 2
5881 1
5882 2
5883 3
5884 1
5885 3
5886 2
5887 1
5888 3
5889 1
5890 2
5891 3
5892 1
5893 3
5894 2
5895 1
5896 2
5897 3
5898 2
5899 1
5900 3
5901 1
5902 2
5903 3
5904 1
5905 3
5906 2
5907 1
5908 3
5909 1
5910 2
5911 3
5912 2
5913 1
5914 2
5915 3
5916 1
5917 3
5918 2
5919 1
5920 2
5921 3
5922 2
5923 1
5924 3
5925 1
5926 2
5927 3
5928 2
5929 1
5930 2
5931 3
5932 1
5933 3
5934 2
5935 1
5936 3
5937 1
5938 2
5939 3
5940 1
5941 3
5942 2
5943 1
5944 2
5945 3
5946 2
5947 1
5948 3
5949 1
5950 2
5951 3
5952 1
5953 3
5954 2
5955 1
5956 3
5957 1
5958 2
5959 3
5960 2
5961 1
5962 2
5963 3
5964 1
5965 3
5966 2
5967 1
5968 3
5969 1
5970 2
5971 3
5972 1
5973 3
5974 2
5975 1
5976 2
5977 3
5978 2
5979 1
5980 3
5981 1
5982 2
5983 3
5984 2
5985 1
5986 2
5987 3
5988 1
5989 3
5990 2
5991 1
5992 2
5993 3
5994 2
5995 1
5996 3
5997 1
5998 2
5999 3
6000 1
6001 3
6002 2
6003 1
6004 3
6005 1
6006 2
6007 3
6008 2
6009 1
6010 2
6011 3
6012 1
6013 3
6014 2
6015 1
6016 2
6017 3
6018 2
6019 1
6020 3
6021 1
6022 2
6023 3
6024 2
6025 1
6026 2
6027 3
6028 1
6029 3
6030 2
6031 1
6032 3
6033 1
6034 2
6035 3
6036 1
6037 3
6038 2
6039 1
6040 2
6041 3
6042 2
6043 1
6044 3
6045 1
6046 2
6047 3
6048 2
6049 1
6050 2
6051 3
6052 1
6053 3
6054 2
6055 1
6056 2
6057 3
6058 2
6059 1
6060 3
6061 1
6062 2
6063 3
6064 1
6065 3
6066 2
6067 1
6068 3
6069 1
6070 2
6071 3
6072 2
6073 1
6074 2
6075 3
6076 1
6077 3
6078 2
6079 1
6080 3
6081 1
6082 2
6083 3
6084 1
6085 3
6086 2
6087 1
6088 2
6089 3
6090 2
6091 1
6092 3
6093 1
6094 2
6095 3
6096 1
6097 3
6098 2
6099 1
6100 3
6101 1
6102 2
6103 3
6104 2
6105 1
6106 2
6107 3
6108 1
6109 3
6110 2
6111 1
6112 2
6113 3
6114 2
6115 1
6116 3
6117 1
6118 2
6119 3
6120 2
6121 1
6122 2
6123 3
6124 1
6125 3
6126 2
6127 1
6128 3
6129 1
6130 2
6131 3
6132 1
6133 3
6134 2
6135 1
6136 2
6137 3
6138 2
6139 1
6140 3
6141 1
6142 2
6143 3
6144 2
6145 1
6146 2
6147 3
6148 1
6149 3
6150 2
6151 1
6152 2
6153 3
6154 2
6155 1
6156 3
6157 1
6158 2
6159 3
6160 1
6161 3
6162 2
6163 1
6164 3
6165 1
6166 2
6167 3
6168 2
6169 1
6170 2
6171 3
6172 1
6173 3
6174 2
6175 1
6176 2
6177 3
6178 2
6179 1
6180 3
6181 1
6182 2
6183 3
6184 2
6185 1
6186 2
6187 3
6188 1
6189 3
6190 2
6191 1
6192 3
6193 1
6194 2
6195 3
6196 1
6197 3
6198 2
6199 1
6200 2
6201 3
6202 2
6203 1
6204 3
6205 1
6206 2
6207 3
6208 1
6209 3
6210 2
6211 1
6212 3
6213 1
6214 2
6215 3
6216 2
6217 1
6218 2
6219 3
6220 1
6221 3
6222 2
6223 1
6224 3
6225 1
6226 2
6227 3
6228 1
6229 3
6230 2
6231 1
6232 2
6233 3
6234 2
6235 1
6236 3
6237 1
6238 2
6239 3
6240 2
6241 1
6242 2
6243 3
6244 1
6245 3
6246 2
6247 1
6248 2
6249 3
6250 2
6251 1
6252 3
6253 1
6254 2
6255 3
6256 1
6257 3
6258 2
6259 1
6260 3
6261 1
6262 2
6263 3
6264 2
6265 1
6266 2
6267 3
6268 1
6269 3
6270 2
6271 1
6272 2
6273 3
6274 2
6275 1
6276 3
6277 1
6278 2
6279 3
6280 2
6281 1
6282 2
6283 3
6284 1
6285 3
6286 2
6287 1
6288 3
6289 1
6290 2
6291 3
6292 1
6293 3
6294 2
6295 1
6296 2
6297 3
6298 2
6299 1
6300 3
6301 1
6302 2
6303 3
6304 2
6305 1
6306 2
6307 3
6308 1
6309 3
6310 2
6311 1
6312 2
6313 3
6314 2
6315 1
6316 3
6317 1
6318 2
6319 3
6320 1
6321 3
6322 2
6323 1
6324 3
6325 1
6326 2
6327 3
6328 2
6329 1
6330 2
6331 3
6332 1
6333 3
6334 2
6335 1
6336 3
6337 1
6338 2
6339 3
6340 1
6341 3
6342 2
6343 1
6344 2
6345 3
6346 2
6347 1
6348 3
6349 1
6350 2
6351 3
6352 1
6353 3
6354 2
6355 1
6356 3
6357 1
6358 2
6359 3
6360 2
6361 1
6362 2
6363 3
6364 1
6365 3
6366 2
6367 1
6368 2
6369 3
6370 2
6371 1
6372 3
6373 1
6374 2
6375 3
6376 2
6377 1
6378 2
6379 3
6380 1
6381 3
6382 2
6383 1
6384 3
6385 1
6386 2
6387 3
6388 1
6389 3
6390 2
6391 1
6392 2
6393 3
6394 2
6395 1
6396 3
6397 1
6398 2
6399 3
6400 1
6401 3
6402 2
6403 1
6404 3
6405 1
6406 2
6407 3
6408 2
6409 1
6410 2
6411 3
6412 1
6413 3
6414 2
6415 1
6416 3
6417 1
6418 2
6419 3
6420 1
6421 3
6422 2
6423 1
6424 2
6425 3
6426 2
6427 1
6428 3
6429 1
6430 2
6431 3
6432 2
6433 1
6434 2
6435 3
6436 1
6437 3
6438 2
6439 1
6440 2
6441 3
6442 2
6443 1
6444 3
6445 1
6446 2
6447 3
6448 1
6449 3
6450 2
6451 1
6452 3
6453 1
6454 2
6455 3
6456 2
6457 1
6458 2
6459 3
6460 1
6461 3
6462 2
6463 1
6464 3
6465 1
6466 2
6467 3
6468 1
6469 3
6470 2
6471 1
6472 2
6473 3
6474 2
6475 1
6476 3
6477 1
6478 2
6479 3
6480 1
6481 3
6482 2
6483 1
6484 3
6485 1
6486 2
6487 3
6488 2
6489 1
6490 2
6491 3
6492 1
6493 3
6494 2
6495 1
6496 2
6497 3
6498 2
6499 1
6500 3
6501 1
6502 2
6503 3
6504 2
6505 1
6506 2
6507 3
6508 1
6509 3
6510 2
6511 1
6512 3
6513 1
6514 2
6515 3
6516 1
6517 3
6518 2
6519 1
6520 2
6521 3
6522 2
6523 1
6524 3
6525 1
6526 2
6527 3
6528 2
6529 1
6530 2
6531 3
6532 1
6533 3
6534 2
6535 1
6536 2
6537 3
6538 2
6539 1
6540 3
6541 1
6542 2
6543 3
6544 1
6545 3
6546 2
6547 1
6548 3
6549 1
6550 2
6551 3
6552 2
6553 1
6554 2
6555 3
6556 1
6557 3
6558 2
6559 1
6560 2
6561 3
6562 2
6563 1
6564 3
6565 1
6566 2
6567 3
6568 2
6569 1
6570 2
6571 3
6572 1
6573 3
6574 2
6575 1
6576 3
6577 1
6578 2
6579 3
6580 1
6581 3
6582 2
6583 1
6584 2
6585 3
6586 2
6587 1
6588 3
6589 1
6590 2
6591 3
6592 1
6593 3
6594 2
6595 1
6596 3
6597 1
6598 2
6599 3
6600 2
6601 1
6602 2
6603 3
6604 1
6605 3
6606 2
6607 1
6608 3
6609 1
6610 2
6611 3
6612 1
6613 3
6614 2
6615 1
6616 2
6617 3
6618 2
6619 1
6620 3
6621 1
6622 2
6623 3
6624 2
6625 1
6626 2
6627 3
6628 1
6629 3
6630 2
6631 1
6632 2
6633 3
6634 2
6635 1
6636 3
6637 1
6638 2
6639 3
6640 1
6641 3
6642 2
6643 1
6644 3
6645 1
6646 2
6647 3
6648 2
6649 1
6650 2
6651 3
6652 1
6653 3
6654 2
6655 1
6656 2
6657 3
6658 2
6659 1
6660 3
6661 1
6662 2
6663 3
6664 2
6665 1
6666 2
6667 3
6668 1
6669 3
6670 2
6671 1
6672 3
6673 1
6674 2
6675 3
6676 1
6677 3
6678 2
6679 1
6680 2
6681 3
6682 2
6683 1
6684 3
6685 1
6686 2
6687 3
6688 2
6689 1
6690 2
6691 3
6692 1
6693 3
6694 2
6695 1
6696 2
6697 3
6698 2
6699 1
6700 3
6701 1
6702 2
6703 3
6704 1
6705 3
6706 2
6707 1
6708 3
6709 1
6710 2
6711 3
6712 2
6713 1
6714 2
6715 3
6716 1
6717 3
6718 2
6719 1
6720 3
6721 1
6722 2
6723 3
6724 1
6725 3
6726 2
6727 1
6728 2
6729 3
6730 2
6731 1
6732 3
6733 1
6734 2
6735 3
6736 1
6737 3
6738 2
6739 1
6740 3
6741 1
6742 2
6743 3
6744 2
6745 1
6746 2
6747 3
6748 1
6749 3
6750 2
6751 1
6752 2
6753 3
6754 2
6755 1
6756 3
6757 1
6758 2
6759 3
6760 2
6761 1
6762 2
6763 3
6764 1
6765 3
6766 2
6767 1
6768 3
6769 1
6770 2
6771 3
6772 1
6773 3
6774 2
6775 1
6776 2
6777 3
6778 2
6779 1
6780 3
6781 1
6782 2
6783 3
6784 2
6785 1
6786 2
6787 3
6788 1
6789 3
6790 2
6791 1
6792 2
6793 3
6794 2
6795 1
6796 3
6797 1
6798 2
6799 3
6800 1
6801 3
6802 2
6803 1
6804 3
6805 1
6806 2
6807 3
6808 2
6809 1
6810 2
6811 3
6812 1
6813 3
6814 2
6815 1
6816 2
6817 3
6818 2
6819 1
6820 3
6821 1
6822 2
6823 3
6824 2
6825 1
6826 2
6827 3
6828 1
6829 3
6830 2
6831 1
6832 3
6833 1
6834 2
6835 3
6836 1
6837 3
6838 2
6839 1
6840 2
6841 3
6842 2
6843 1
6844 3
6845 1
6846 2
6847 3
6848 1
6849 3
6850 2
6851 1
6852 3
6853 1
6854 2
6855 3
6856 2
6857 1
6858 2
6859 3
6860 1
6861 3
6862 2
6863 1
6864 3
6865 1
6866 2
6867 3
6868 1
6869 3
6870 2
6871 1
6872 2
6873 3
6874 2
6875 1
6876 3
6877 1
6878 2
6879 3
6880 2
6881 1
6882 2
6883 3
6884 1
6885 3
6886 2
6887 1
6888 2
6889 3
6890 2
6891 1
6892 3
6893 1
6894 2
6895 3
6896 1
6897 3
6898 2
6899 1
6900 3
6901 1
6902 2
6903 3
6904 2
6905 1
6906 2
6907 3
6908 1
6909 3
6910 2
6911 1
6912 3
6913 1
6914 2
6915 3
6916 1
6917 3
6918 2
6919 1
6920 2
6921 3
6922 2
6923 1
6924 3
6925 1
6926 2
6927 3
6928 1
6929 3
6930 2
6931 1
6932 3
6933 1
6934 2
6935 3
6936 2
6937 1
6938 2
6939 3
6940 1
6941 3
6942 2
6943 1
6944 2
6945 3
6946 2
6947 1
6948 3
6949 1
6950 2
6951 3
6952 2
6953 1
6954 2
6955 3
6956 1
6957 3
6958 2
6959 1
6960 3
6961 1
6962 2
6963 3
6964 1
6965 3
6966 2
6967 1
6968 2
6969 3
6970 2
6971 1
6972 3
6973 1
6974 2
6975 3
6976 1
6977 3
6978 2
6979 1
6980 3
6981 1
6982 2
6983 3
6984 2
6985 1
6986 2
6987 3
6988 1
6989 3
6990 2
6991 1
6992 3
6993 1
6994 2
6995 3
6996 1
6997 3
6998 2
6999 1
7000 2
7001 3
7002 2
7003 1
7004 3
7005 1
7006 2
7007 3
7008 2
7009 1
7010 2
7011 3
7012 1
7013 3
7014 2
7015 1
7016 2
7017 3
7018 2
7019 1
7020 3
7021 1
7022 2
7023 3
7024 1
7025 3
7026 2
7027 1
7028 3
7029 1
7030 2
7031 3
7032 2
7033 1
7034 2
7035 3
7036 1
7037 3
7038 2
7039 1
7040 2
7041 3
7042 2
7043 1
7044 3
7045 1
7046 2
7047 3
7048 2
7049 1
7050 2
7051 3
7052 1
7053 3
7054 2
7055 1
7056 3
7057 1
7058 2
7059 3
7060 1
7061 3
7062 2
7063 1
7064 2
7065 3
7066 2
7067 1
7068 3
7069 1
7070 2
7071 3
7072 2
7073 1
7074 2
7075 3
7076 1
7077 3
7078 2
7079 1
7080 2
7081 3
7082 2
7083 1
7084 3
7085 1
7086 2
7087 3
7088 1
7089 3
7090 2
7091 1
7092 3
7093 1
7094 2
7095 3
7096 2
7097 1
7098 2
7099 3
7100 1
7101 3
7102 2
7103 1
7104 3
7105 1
7106 2
7107 3
7108 1
7109 3
7110 2
7111 1
7112 2
7113 3
7114 2
7115 1
7116 3
7117 1
7118 2
7119 3
7120 1
7121 3
7122 2
7123 1
7124 3
7125 1
7126 2
7127 3
7128 2
7129 1
7130 2
7131 3
7132 1
7133 3
7134 2
7135 1
7136 2
7137 3
7138 2
7139 1
7140 3
7141 1
7142 2
7143 3
7144 2
7145 1
7146 2
7147 3
7148 1
7149 3
7150 2
7151 1
7152 3
7153 1
7154 2
7155 3
7156 1
7157 3
7158 2
7159 1
7160 2
7161 3
7162 2
7163 1
7164 3
7165 1
7166 2
7167 3
7168 1
7169 3
7170 2
7171 1
7172 3
7173 1
7174 2
7175 3
7176 2
7177 1
7178 2
7179 3
7180 1
7181 3
7182 2
7183 1
7184 3
7185 1
7186 2
7187 3
7188 1
7189 3
7190 2
7191 1
7192 2
7193 3
7194 2
7195 1
7196 3
7197 1
7198 2
7199 3
7200 2
7201 1
7202 2
7203 3
7204 1
7205 3
7206 2
7207 1
7208 2
7209 3
7210 2
7211 1
7212 3
7213 1
7214 2
7215 3
7216 1
7217 3
7218 2
7219 1
7220 3
7221 1
7222 2
7223 3
7224 2
7225 1
7226 2
7227 3
7228 1
7229 3
7230 2
7231 1
7232 3
7233 1
7234 2
7235 3
7236 1
7237 3
7238 2
7239 1
7240 2
7241 3
7242 2
7243 1
7244 3
7245 1
7246 2
7247 3
7248 1
7249 3
7250 2
7251 1
7252 3
7253 1
7254 2
7255 3
7256 2
7257 1
7258 2
7259 3
7260 1
7261 3
7262 2
7263 1
7264 2
7265 3
7266 2
7267 1
7268 3
7269 1
7270 2
7271 3
7272 2
7273 1
7274 2
7275 3
7276 1
7277 3
7278 2
7279 1
7280 3
7281 1
7282 2
7283 3
7284 1
7285 3
7286 2
7287 1
7288 2
7289 3
7290 2
7291 1
7292 3
7293 1
7294 2
7295 3
7296 2
7297 1
7298 2
7299 3
7300 1
7301 3
7302 2
7303 1
7304 2
7305 3
7306 2
7307 1
7308 3
7309 1
7310 2
7311 3
7312 1
7313 3
7314 2
7315 1
7316 3
7317 1
7318 2
7319 3
7320 2
7321 1
7322 2
7323 3
7324 1
7325 3
7326 2
7327 1
7328 2
7329 3
7330 2
7331 1
7332 3
7333 1
7334 2
7335 3
7336 2
7337 1
7338 2
7339 3
7340 1
7341 3
7342 2
7343 1
7344 3
7345 1
7346 2
7347 3
7348 1
7349 3
7350 2
7351 1
7352 2
7353 3
7354 2
7355 1
7356 3
7357 1
7358 2
7359 3
7360 1
7361 3
7362 2
7363 1
7364 3
7365 1
7366 2
7367 3
7368 2
7369 1
7370 2
7371 3
7372 1
7373 3
7374 2
7375 1
7376 3
7377 1
7378 2
7379 3
7380 1
7381 3
7382 2
7383 1
7384 2
7385 3
7386 2
7387 1
7388 3
7389 1
7390 2
7391 3
7392 2
7393 1
7394 2
7395 3
7396 1
7397 3
7398 2
7399 1
7400 2
7401 3
7402 2
7403 1
7404 3
7405 1
7406 2
7407 3
7408 1
7409 3
7410 2
7411 1
7412 3
7413 1
7414 2
7415 3
7416 2
7417 1
7418 2
7419 3
7420 1
7421 3
7422 2
7423 1
7424 3
7425 1
7426 2
7427 3
7428 1
7429 3
7430 2
7431 1
7432 2
7433 3
7434 2
7435 1
7436 3
7437 1
7438 2
7439 3
7440 1
7441 3
7442 2
7443 1
7444 3
7445 1
7446 2
7447 3
7448 2
7449 1
7450 2
7451 3
7452 1
7453 3
7454 2
7455 1
7456 2
7457 3
7458 2
7459 1
7460 3
7461 1
7462 2
7463 3
7464 2
7465 1
7466 2
7467 3
7468 1
7469 3
7470 2
7471 1
7472 3
7473 1
7474 2
7475 3
7476 1
7477 3
7478 2
7479 1
7480 2
7481 3
7482 2
7483 1
7484 3
7485 1
7486 2
7487 3
7488 1
7489 3
7490 2
7491 1
7492 3
7493 1
7494 2
7495 3
7496 2
7497 1
7498 2
7499 3
7500 1
7501 3
7502 2
7503 1
7504 3
7505 1
7506 2
7507 3
7508 1
7509 3
7510 2
7511 1
7512 2
7513 3
7514 2
7515 1
7516 3
7517 1
7518 2
7519 3
7520 2
7521 1
7522 2
7523 3
7524 1
7525 3
7526 2
7527 1
7528 2
7529 3
7530 2
7531 1
7532 3
7533 1
7534 2
7535 3
7536 1
7537 3
7538 2
7539 1
7540 3
7541 1
7542 2
7543 3
7544 2
7545 1
7546 2
7547 3
7548 1
7549 3
7550 2
7551 1
7552 2
7553 3
7554 2
7555 1
7556 3
7557 1
7558 2
7559 3
7560 2
7561 1
7562 2
7563 3
7564 1
7565 3
7566 2
7567 1
7568 3
7569 1
7570 2
7571 3
7572 1
7573 3
7574 2
7575 1
7576 2
7577 3
7578 2
7579 1
7580 3
7581 1
7582 2
7583 3
7584 2
7585 1
7586 2
7587 3
7588 1
7589 3
7590 2
7591 1
7592 2
7593 3
7594 2
7595 1
7596 3
7597 1
7598 2
7599 3
7600 1
7601 3
7602 2
7603 1
7604 3
7605 1
7606 2
7607 3
7608 2
7609 1
7610 2
7611 3
7612 1
7613 3
7614 2
7615 1
7616 3
7617 1
7618 2
7619 3
7620 1
7621 3
7622 2
7623 1
7624 2
7625 3
7626 2
7627 1
7628 3
7629 1
7630 2
7631 3
7632 1
7633 3
7634 2
7635 1
7636 3
7637 1
7638 2
7639 3
7640 2
7641 1
7642 2
7643 3
7644 1
7645 3
7646 2
7647 1
7648 2
7649 3
7650 2
7651 1
7652 3
7653 1
7654 2
7655 3
7656 2
7657 1
7658 2
7659 3
7660 1
7661 3
7662 2
7663 1
7664 3
7665 1
7666 2
7667 3
7668 1
7669 3
7670 2
7671 1
7672 2
7673 3
7674 2
7675 1
7676 3
7677 1
7678 2
7679 3
7680 2
7681 1
7682 2
7683 3
7684 1
7685 3
7686 2
7687 1
7688 2
7689 3
7690 2
7691 1
7692 3
7693 1
7694 2
7695 3
7696 1
7697 3
7698 2
7699 1
7700 3
7701 1
7702 2
7703 3
7704 2
7705 1
7706 2
7707 3
7708 1
7709 3
7710 2
7711 1
7712 2
7713 3
7714 2
7715 1
7716 3
7717 1
7718 2
7719 3
7720 2
7721 1
7722 2
7723 3
7724 1
7725 3
7726 2
7727 1
7728 3
7729 1
7730 2
7731 3
7732 1
7733 3
7734 2
7735 1
7736 2
7737 3
7738 2
7739 1
7740 3
7741 1
7742 2
7743 3
7744 1
7745 3
7746 2
7747 1
7748 3
7749 1
7750 2
7751 3
7752 2
7753 1
7754 2
7755 3
7756 1
7757 3
7758 2
7759 1
7760 3
7761 1
7762 2
7763 3
7764 1
7765 3
7766 2
7767 1
7768 2
7769 3
7770 2
7771 1
7772 3
7773 1
7774 2
7775 3
7776 2
7777 1
7778 2
7779 3
7780 1
7781 3
7782 2
7783 1
7784 2
7785 3
7786 2
7787 1
7788 3
7789 1
7790 2
7791 3
7792 1
7793 3
7794 2
7795 1
7796 3
7797 1
7798 2
7799 3
7800 2
7801 1
7802 2
7803 3
7804 1
7805 3
7806 2
7807 1
7808 2
7809 3
7810 2
7811 1
7812 3
7813 1
7814 2
7815 3
7816 2
7817 1
7818 2
7819 3
7820 1
7821 3
7822 2
7823 1
7824 3
7825 1
7826 2
7827 3
7828 1
7829 3
7830 2
7831 1
7832 2
7833 3
7834 2
7835 1
7836 3
7837 1
7838 2
7839 3
7840 2
7841 1
7842 2
7843 3
7844 1
7845 3
7846 2
7847 1
7848 2
7849 3
7850 2
7851 1
7852 3
7853 1
7854 2
7855 3
7856 1
7857 3
7858 2
7859 1
7860 3
7861 1
7862 2
7863 3
7864 2
7865 1
7866 2
7867 3
7868 1
7869 3
7870 2
7871 1
7872 3
7873 1
7874 2
7875 3
7876 1
7877 3
7878 2
7879 1
7880 2
7881 3
7882 2
7883 1
7884 3
7885 1
7886 2
7887 3
7888 1
7889 3
7890 2
7891 1
7892 3
7893 1
7894 2
7895 3
7896 2
7897 1
7898 2
7899 3
7900 1
7901 3
7902 2
7903 1
7904 2
7905 3
7906 2
7907 1
7908 3
7909 1
7910 2
7911 3
7912 2
7913 1
7914 2
7915 3
7916 1
7917 3
7918 2
7919 1
7920 3
7921 1
7922 2
7923 3
7924 1
7925 3
7926 2
7927 1
7928 2
7929 3
7930 2
7931 1
7932 3
7933 1
7934 2
7935 3
7936 1
7937 3
7938 2
7939 1
7940 3
7941 1
7942 2
7943 3
7944 2
7945 1
7946 2
7947 3
7948 1
7949 3
7950 2
7951 1
7952 3
7953 1
7954 2
7955 3
7956 1
7957 3
7958 2
7959 1
7960 2
7961 3
7962 2
7963 1
7964 3
7965 1
7966 2
7967 3
7968 2
7969 1
7970 2
7971 3
7972 1
7973 3
7974 2
7975 1
7976 2
7977 3
7978 2
7979 1
7980 3
7981 1
7982 2
7983 3
7984 1
7985 3
7986 2
7987 1
7988 3
7989 1
7990 2
7991 3
7992 2
7993 1
7994 2
7995 3
7996 1
7997 3
7998 2
7999 1
8000 3
8001 1
8002 2
8003 3
8004 1
8005 3
8006 2
8007 1
8008 2
8009 3
8010 2
8011 1
8012 3
8013 1
8014 2
8015 3
8016 1
8017 3
8018 2
8019 1
8020 3
8021 1
8022 2
8023 3
8024 2
8025 1
8026 2
8027 3
8028 1
8029 3
8030 2
8031 1
8032 2
8033 3
8034 2
8035 1
8036 3
8037 1
8038 2
8039 3
8040 2
8041 1
8042 2
8043 3
8044 1
8045 3
8046 2
8047 1
8048 3
8049 1
8050 2
8051 3
8052 1
8053 3
8054 2
8055 1
8056 2
8057 3
8058 2
8059 1
8060 3
8061 1
8062 2
8063 3
8064 2
8065 1
8066 2
8067 3
8068 1
8069 3
8070 2
8071 1
8072 2
8073 3
8074 2
8075 1
8076 3
8077 1
8078 2
8079 3
8080 1
8081 3
8082 2
8083 1
8084 3
8085 1
8086 2
8087 3
8088 2
8089 1
8090 2
8091 3
8092 1
8093 3
8094 2
8095 1
8096 2
8097 3
8098 2
8099 1
8100 3
8101 1
8102 2
8103 3
8104 2
8105 1
8106 2
8107 3
8108 1
8109 3
8110 2
8111 1
8112 3
8113 1
8114 2
8115 3
8116 1
8117 3
8118 2
8119 1
8120 2
8121 3
8122 2
8123 1
8124 3
8125 1
8126 2
8127 3
8128 1
8129 3
8130 2
8131 1
8132 3
8133 1
8134 2
8135 3
8136 2
8137 1
8138 2
8139 3
8140 1
8141 3
8142 2
8143 1
8144 3
8145 1
8146 2
8147 3
8148 1
8149 3
8150 2
8151 1
8152 2
8153 3
8154 2
8155 1
8156 3
8157 1
8158 2
8159 3
8160 2
8161 1
8162 2
8163 3
8164 1
8165 3
8166 2
8167 1
8168 2
8169 3
8170 2
8171 1
8172 3
8173 1
8174 2
8175 3
8176 1
8177 3
8178 2
8179 1
8180 3
8181 1
8182 2
8183 3
8184 2
8185 1
8186 2
8187 3
8188 1
8189 3
8190 2
8191 1
8192 2
8193 3
8194 2
8195 1
8196 3
8197 1
8198 2
8199 3
8200 2
8201 1
8202 2
8203 3
8204 1
8205 3
8206 2
8207 1
8208 3
8209 1
8210 2
8211 3
8212 1
8213 3
8214 2
8215 1
8216 2
8217 3
8218 2
8219 1
8220 3
8221 1
8222 2
8223 3
8224 2
8225 1
8226 2
8227 3
8228 1
8229 3
8230 2
8231 1
8232 2
8233 3
8234 2
8235 1
8236 3
8237 1
8238 2
8239 3
8240 1
8241 3
8242 2
8243 1
8244 3
8245 1
8246 2
8247 3
8248 2
8249 1
8250 2
8251 3
8252 1
8253 3
8254 2
8255 1
8256 3
8257 1
8258 2
8259 3
8260 1
8261 3
8262 2
8263 1
8264 2
8265 3
8266 2
8267 1
8268 3
8269 1
8270 2
8271 3
8272 1
8273 3
8274 2
8275 1
8276 3
8277 1
8278 2
8279 3
8280 2
8281 1
8282 2
8283 3
8284 1
8285 3
8286 2
8287 1
8288 2
8289 3
8290 2
8291 1
8292 3
8293 1
8294 2
8295 3
8296 2
8297 1
8298 2
8299 3
8300 1
8301 3
8302 2
8303 1
8304 3
8305 1
8306 2
8307 3
8308 1
8309 3
8310 2
8311 1
8312 2
8313 3
8314 2
8315 1
8316 3
8317 1
8318 2
8319 3
8320 2
8321 1
8322 2
8323 3
8324 1
8325 3
8326 2
8327 1
8328 2
8329 3
8330 2
8331 1
8332 3
8333 1
8334 2
8335 3
8336 1
8337 3
8338 2
8339 1
8340 3
8341 1
8342 2
8343 3
8344 2
8345 1
8346 2
8347 3
8348 1
8349 3
8350 2
8351 1
8352 2
8353 3
8354 2
8355 1
8356 3
8357 1
8358 2
8359 3
8360 2
8361 1
8362 2
8363 3
8364 1
8365 3
8366 2
8367 1
8368 3
8369 1
8370 2
8371 3
8372 1
8373 3
8374 2
8375 1
8376 2
8377 3
8378 2
8379 1
8380 3
8381 1
8382 2
8383 3
8384 1
8385 3
8386 2
8387 1
8388 3
8389 1
8390 2
8391 3
8392 2
8393 1
8394 2
8395 3
8396 1
8397 3
8398 2
8399 1
8400 3
8401 1
8402 2
8403 3
8404 1
8405 3
8406 2
8407 1
8408 2
8409 3
8410 2
8411 1
8412 3
8413 1
8414 2
8415 3
8416 2
8417 1
8418 2
8419 3
8420 1
8421 3
8422 2
8423 1
8424 2
8425 3
8426 2
8427 1
8428 3
8429 1
8430 2
8431 3
8432 1
8433 3
8434 2
8435 1
8436 3
8437 1
8438 2
8439 3
8440 2
8441 1
8442 2
8443 3
8444 1
8445 3
8446 2
8447 1
8448 3
8449 1
8450 2
8451 3
8452 1
8453 3
8454 2
8455 1
8456 2
8457 3
8458 2
8459 1
8460 3
8461 1
8462 2
8463 3
8464 1
8465 3
8466 2
8467 1
8468 3
8469 1
8470 2
8471 3
8472 2
8473 1
8474 2
8475 3
8476 1
8477 3
8478 2
8479 1
8480 2
8481 3
8482 2
8483 1
8484 3
8485 1
8486 2
8487 3
8488 2
8489 1
8490 2
8491 3
8492 1
8493 3
8494 2
8495 1
8496 3
8497 1
8498 2
8499 3
8500 1
8501 3
8502 2
8503 1
8504 2
8505 3
8506 2
8507 1
8508 3
8509 1
8510 2
8511 3
8512 1
8513 3
8514 2
8515 1
8516 3
8517 1
8518 2
8519 3
8520 2
8521 1
8522 2
8523 3
8524 1
8525 3
8526 2
8527 1
8528 3
8529 1
8530 2
8531 3
8532 1
8533 3
8534 2
8535 1
8536 2
8537 3
8538 2
8539 1
8540 3
8541 1
8542 2
8543 3
8544 2
8545 1
8546 2
8547 3
8548 1
8549 3
8550 2
8551 1
8552 2
8553 3
8554 2
8555 1
8556 3
8557 1
8558 2
8559 3
8560 1
8561 3
8562 2
8563 1
8564 3
8565 1
8566 2
8567 3
8568 2
8569 1
8570 2
8571 3
8572 1
8573 3
8574 2
8575 1
8576 2
8577 3
8578 2
8579 1
8580 3
8581 1
8582 2
8583 3
8584 2
8585 1
8586 2
8587 3
8588 1
8589 3
8590 2
8591 1
8592 3
8593 1
8594 2
8595 3
8596 1
8597 3
8598 2
8599 1
8600 2
8601 3
8602 2
8603 1
8604 3
8605 1
8606 2
8607 3
8608 2
8609 1
8610 2
8611 3
8612 1
8613 3
8614 2
8615 1
8616 2
8617 3
8618 2
8619 1
8620 3
8621 1
8622 2
8623 3
8624 1
8625 3
8626 2
8627 1
8628 3
8629 1
8630 2
8631 3
8632 2
8633 1
8634 2
8635 3
8636 1
8637 3
8638 2
8639 1
8640 3
8641 1
8642 2
8643 3
8644 1
8645 3
8646 2
8647 1
8648 2
8649 3
8650 2
8651 1
8652 3
8653 1
8654 2
8655 3
8656 1
8657 3
8658 2
8659 1
8660 3
8661 1
8662 2
8663 3
8664 2
8665 1
8666 2
8667 3
8668 1
8669 3
8670 2
8671 1
8672 2
8673 3
8674 2
8675 1
8676 3
8677 1
8678 2
8679 3
8680 2
8681 1
8682 2
8683 3
8684 1
8685 3
8686 2
8687 1
8688 3
8689 1
8690 2
8691 3
8692 1
8693 3
8694 2
8695 1
8696 2
8697 3
8698 2
8699 1
8700 3
8701 1
8702 2
8703 3
8704 2
8705 1
8706 2
8707 3
8708 1
8709 3
8710 2
8711 1
8712 2
8713 3
8714 2
8715 1
8716 3
8717 1
8718 2
8719 3
8720 1
8721 3
8722 2
8723 1
8724 3
8725 1
8726 2
8727 3
8728 2
8729 1
8730 2
8731 3
8732 1
8733 3
8734 2
8735 1
8736 2
8737 3
8738 2
8739 1
8740 3
8741 1
8742 2
8743 3
8744 2
8745 1
8746 2
8747 3
8748 1
8749 3
8750 2
8751 1
8752 3
8753 1
8754 2
8755 3
8756 1
8757 3
8758 2
8759 1
8760 2
8761 3
8762 2
8763 1
8764 3
8765 1
8766 2
8767 3
8768 1
8769 3
8770 2
8771 1
8772 3
8773 1
8774 2
8775 3
8776 2
8777 1
8778 2
8779 3
8780 1
8781 3
8782 2
8783 1
8784 3
8785 1
8786 2
8787 3
8788 1
8789 3
8790 2
8791 1
8792 2
8793 3
8794 2
8795 1
8796 3
8797 1
8798 2
8799 3
8800 2
8801 1
8802 2
8803 3
8804 1
8805 3
8806 2
8807 1
8808 2
8809 3
8810 2
8811 1
8812 3
8813 1
8814 2
8815 3
8816 1
8817 3
8818 2
8819 1
8820 3
8821 1
8822 2
8823 3
8824 2
8825 1
8826 2
8827 3
8828 1
8829 3
8830 2
8831 1
8832 2
8833 3
8834 2
8835 1
8836 3
8837 1
8838 2
8839 3
8840 2
8841 1
8842 2
8843 3
8844 1
8845 3
8846 2
8847 1
8848 3
8849 1
8850 2
8851 3
8852 1
8853 3
8854 2
8855 1
8856 2
8857 3
8858 2
8859 1
8860 3
8861 1
8862 2
8863 3
8864 2
8865 1
8866 2
8867 3
8868 1
8869 3
8870 2
8871 1
8872 2
8873 3
8874 2
8875 1
8876 3
8877 1
8878 2
8879 3
8880 1
8881 3
8882 2
8883 1
8884 3
8885 1
8886 2
8887 3
8888 2
8889 1
8890 2
8891 3
8892 1
8893 3
8894 2
8895 1
8896 3
8897 1
8898 2
8899 3
8900 1
8901 3
8902 2
8903 1
8904 2
8905 3
8906 2
8907 1
8908 3
8909 1
8910 2
8911 3
8912 1
8913 3
8914 2
8915 1
8916 3
8917 1
8918 2
8919 3
8920 2
8921 1
8922 2
8923 3
8924 1
8925 3
8926 2
8927 1
8928 2
8929 3
8930 2
8931 1
8932 3
8933 1
8934 2
8935 3
8936 2
8937 1
8938 2
8939 3
8940 1
8941 3
8942 2
8943 1
8944 3
8945 1
8946 2
8947 3
8948 1
8949 3
8950 2
8951 1
8952 2
8953 3
8954 2
8955 1
8956 3
8957 1
8958 2
8959 3
8960 1
8961 3
8962 2
8963 1
8964 3
8965 1
8966 2
8967 3
8968 2
8969 1
8970 2
8971 3
8972 1
8973 3
8974 2
8975 1
8976 3
8977 1
8978 2
8979 3
8980 1
8981 3
8982 2
8983 1
8984 2
8985 3
8986 2
8987 1
8988 3
8989 1
8990 2
8991 3
8992 2
8993 1
8994 2
8995 3
8996 1
8997 3
8998 2
8999 1
9000 2
9001 3
9002 2
9003 1
9004 3
9005 1
9006 2
9007 3
9008 1
9009 3
9010 2
9011 1
9012 3
9013 1
9014 2
9015 3
9016 2
9017 1
9018 2
9019 3
9020 1
9021 3
9022 2
9023 1
9024 3
9025 1
9026 2
9027 3
9028 1
9029 3
9030 2
9031 1
9032 2
9033 3
9034 2
9035 1
9036 3
9037 1
9038 2
9039 3
9040 1
9041 3
9042 2
9043 1
9044 3
9045 1
9046 2
9047 3
9048 2
9049 1
9050 2
9051 3
9052 1
9053 3
9054 2
9055 1
9056 2
9057 3
9058 2
9059 1
9060 3
9061 1
9062 2
9063 3
9064 2
9065 1
9066 2
9067 3
9068 1
9069 3
9070 2
9071 1
9072 3
9073 1
9074 2
9075 3
9076 1
9077 3
9078 2
9079 1
9080 2
9081 3
9082 2
9083 1
9084 3
9085 1
9086 2
9087 3
9088 2
9089 1
9090 2
9091 3
9092 1
9093 3
9094 2
9095 1
9096 2
9097 3
9098 2
9099 1
9100 3
9101 1
9102 2
9103 3
9104 1
9105 3
9106 2
9107 1
9108 3
9109 1
9110 2
9111 3
9112 2
9113 1
9114 2
9115 3
9116 1
9117 3
9118 2
9119 1
9120 2
9121 3
9122 2
9123 1
9124 3
9125 1
9126 2
9127 3
9128 2
9129 1
9130 2
9131 3
9132 1
9133 3
9134 2
9135 1
9136 3
9137 1
9138 2
9139 3
9140 1
9141 3
9142 2
9143 1
9144 2
9145 3
9146 2
9147 1
9148 3
9149 1
9150 2
9151 3
9152 1
9153 3
9154 2
9155 1
9156 3
9157 1
9158 2
9159 3
9160 2
9161 1
9162 2
9163 3
9164 1
9165 3
9166 2
9167 1
9168 3
9169 1
9170 2
9171 3
9172 1
9173 3
9174 2
9175 1
9176 2
9177 3
9178 2
9179 1
9180 3
9181 1
9182 2
9183 3
9184 2
9185 1
9186 2
9187 3
9188 1
9189 3
9190 2
9191 1
9192 2
9193 3
9194 2
9195 1
9196 3
9197 1
9198 2
9199 3
9200 1
9201 3
9202 2
9203 1
9204 3
9205 1
9206 2
9207 3
9208 2
9209 1
9210 2
9211 3
9212 1
9213 3
9214 2
9215 1
9216 3
9217 1
9218 2
9219 3
9220 1
9221 3
9222 2
9223 1
9224 2
9225 3
9226 2
9227 1
9228 3
9229 1
9230 2
9231 3
9232 1
9233 3
9234 2
9235 1
9236 3
9237 1
9238 2
9239 3
9240 2
9241 1
9242 2
9243 3
9244 1
9245 3
9246 2
9247 1
9248 2
9249 3
9250 2
9251 1
9252 3
9253 1
9254 2
9255 3
9256 2
9257 1
9258 2
9259 3
9260 1
9261 3
9262 2
9263 1
9264 3
9265 1
9266 2
9267 3
9268 1
9269 3
9270 2
9271 1
9272 2
9273 3
9274 2
9275 1
9276 3
9277 1
9278 2
9279 3
9280 1
9281 3
9282 2
9283 1
9284 3
9285 1
9286 2
9287 3
9288 2
9289 1
9290 2
9291 3
9292 1
9293 3
9294 2
9295 1
9296 3
9297 1
9298 2
9299 3
9300 1
9301 3
9302 2
9303 1
9304 2
9305 3
9306 2
9307 1
9308 3
9309 1
9310 2
9311 3
9312 2
9313 1
9314 2
9315 3
9316 1
9317 3
9318 2
9319 1
9320 2
9321 3
9322 2
9323 1
9324 3
9325 1
9326 2
9327 3
9328 1
9329 3
9330 2
9331 1
9332 3
9333 1
9334 2
9335 3
9336 2
9337 1
9338 2
9339 3
9340 1
9341 3
9342 2
9343 1
9344 2
9345 3
9346 2
9347 1
9348 3
9349 1
9350 2
9351 3
9352 2
9353 1
9354 2
9355 3
9356 1
9357 3
9358 2
9359 1
9360 3
9361 1
9362 2
9363 3
9364 1
9365 3
9366 2
9367 1
9368 2
9369 3
9370 2
9371 1
9372 3
9373 1
9374 2
9375 3
9376 2
9377 1
9378 2
9379 3
9380 1
9381 3
9382 2
9383 1
9384 2
9385 3
9386 2
9387 1
9388 3
9389 1
9390 2
9391 3
9392 1
9393 3
9394 2
9395 1
9396 3
9397 1
9398 2
9399 3
9400 2
9401 1
9402 2
9403 3
9404 1
9405 3
9406 2
9407 1
9408 3
9409 1
9410 2
9411 3
9412 1
9413 3
9414 2
9415 1
9416 2
9417 3
9418 2
9419 1
9420 3
9421 1
9422 2
9423 3
9424 1
9425 3
9426 2
9427 1
9428 3
9429 1
9430 2
9431 3
9432 2
9433 1
9434 2
9435 3
9436 1
9437 3
9438 2
9439 1
9440 2
9441 3
9442 2
9443 1
9444 3
9445 1
9446 2
9447 3
9448 2
9449 1
9450 2
9451 3
9452 1
9453 3
9454 2
9455 1
9456 3
9457 1
9458 2
9459 3
9460 1
9461 3
9462 2
9463 1
9464 2
9465 3
9466 2
9467 1
9468 3
9469 1
9470 2
9471 3
9472 1
9473 3
9474 2
9475 1
9476 3
9477 1
9478 2
9479 3
9480 2
9481 1
9482 2
9483 3
9484 1
9485 3
9486 2
9487 1
9488 3
9489 1
9490 2
9491 3
9492 1
9493 3
9494 2
9495 1
9496 2
9497 3
9498 2
9499 1
9500 3
9501 1
9502 2
9503 3
9504 2
9505 1
9506 2
9507 3
9508 1
9509 3
9510 2
9511 1
9512 2
9513 3
9514 2
9515 1
9516 3
9517 1
9518 2
9519 3
9520 1
9521 3
9522 2
9523 1
9524 3
9525 1
9526 2
9527 3
9528 2
9529 1
9530 2
9531 3
9532 1
9533 3
9534 2
9535 1
9536 3
9537 1
9538 2
9539 3
9540 1
9541 3
9542 2
9543 1
9544 2
9545 3
9546 2
9547 1
9548 3
9549 1
9550 2
9551 3
9552 1
9553 3
9554 2
9555 1
9556 3
9557 1
9558 2
9559 3
9560 2
9561 1
9562 2
9563 3
9564 1
9565 3
9566 2
9567 1
9568 2
9569 3
9570 2
9571 1
9572 3
9573 1
9574 2
9575 3
9576 2
9577 1
9578 2
9579 3
9580 1
9581 3
9582 2
9583 1
9584 3
9585 1
9586 2
9587 3
9588 1
9589 3
9590 2
9591 1
9592 2
9593 3
9594 2
9595 1
9596 3
9597 1
9598 2
9599 3
9600 2
9601 1
9602 2
9603 3
9604 1
9605 3
9606 2
9607 1
9608 2
9609 3
9610 2
9611 1
9612 3
9613 1
9614 2
9615 3
9616 1
9617 3
9618 2
9619 1
9620 3
9621 1
9622 2
9623 3
9624 2
9625 1
9626 2
9627 3
9628 1
9629 3
9630 2
9631 1
9632 2
9633 3
9634 2
9635 1
9636 3
9637 1
9638 2
9639 3
9640 2
9641 1
9642 2
9643 3
9644 1
9645 3
9646 2
9647 1
9648 3
9649 1
9650 2
9651 3
9652 1
9653 3
9654 2
9655 1
9656 2
9657 3
9658 2
9659 1
9660 3
9661 1
9662 2
9663 3
9664 1
9665 3
9666 2
9667 1
9668 3
9669 1
9670 2
9671 3
9672 2
9673 1
9674 2
9675 3
9676 1
9677 3
9678 2
9679 1
9680 3
9681 1
9682 2
9683 3
9684 1
9685 3
9686 2
9687 1
9688 2
9689 3
9690 2
9691 1
9692 3
9693 1
9694 2
9695 3
9696 2
9697 1
9698 2
9699 3
9700 1
9701 3
9702 2
9703 1
9704 2
9705 3
9706 2
9707 1
9708 3
9709 1
9710 2
9711 3
9712 1
9713 3
9714 2
9715 1
9716 3
9717 1
9718 2
9719 3
9720 2
9721 1
9722 2
9723 3
9724 1
9725 3
9726 2
9727 1
9728 2
9729 3
9730 2
9731 1
9732 3
9733 1
9734 2
9735 3
9736 2
9737 1
9738 2
9739 3
9740 1
9741 3
9742 2
9743 1
9744 3
9745 1
9746 2
9747 3
9748 1
9749 3
9750 2
9751 1
9752 2
9753 3
9754 2
9755 1
9756 3
9757 1
9758 2
9759 3
9760 2
9761 1
9762 2
9763 3
9764 1
9765 3
9766 2
9767 1
9768 2
9769 3
9770 2
9771 1
9772 3
9773 1
9774 2
9775 3
9776 1
9777 3
9778 2
9779 1
9780 3
9781 1
9782 2
9783 3
9784 2
9785 1
9786 2
9787 3
9788 1
9789 3
9790 2
9791 1
9792 3
9793 1
9794 2
9795 3
9796 1
9797 3
9798 2
9799 1
9800 2
9801 3
9802 2
9803 1
9804 3
9805 1
9806 2
9807 3
9808 1
9809 3
9810 2
9811 1
9812 3
9813 1
9814 2
9815 3
9816 2
9817 1
9818 2
9819 3
9820 1
9821 3
9822 2
9823 1
9824 2
9825 3
9826 2
9827 1
9828 3
9829 1
9830 2
9831 3
9832 2
9833 1
9834 2
9835 3
9836 1
9837 3
9838 2
9839 1
9840 3
9841 1
9842 2
9843 3
9844 1
9845 3
9846 2
9847 1
9848 2
9849 3
9850 2
9851 1
9852 3
9853 1
9854 2
9855 3
9856 2
9857 1
9858 2
9859 3
9860 1
9861 3
9862 2
9863 1
9864 2
9865 3
9866 2
9867 1
9868 3
9869 1
9870 2
9871 3
9872 1
9873 3
9874 2
9875 1
9876 3
9877 1
9878 2
9879 3
9880 2
9881 1
9882 2
9883 3
9884 1
9885 3
9886 2
9887 1
9888 2
9889 3
9890 2
9891 1
9892 3
9893 1
9894 2
9895 3
9896 2
9897 1
9898 2
9899 3
9900 1
9901 3
9902 2
9903 1
9904 3
9905 1
9906 2
9907 3
9908 1
9909 3
9910 2
9911 1
9912 2
9913 3
9914 2
9915 1
9916 3
9917 1
9918 2
9919 3
9920 1
9921 3
9922 2
9923 1
9924 3
9925 1
9926 2
9927 3
9928 2
9929 1
9930 2
9931 3
9932 1
9933 3
9934 2
9935 1
9936 3
9937 1
9938 2
9939 3
9940 1
9941 3
9942 2
9943 1
9944 2
9945 3
9946 2
9947 1
9948 3
9949 1
9950 2
9951 3
9952 2
9953 1
9954 2
9955 3
9956 1
9957 3
9958 2
9959 1
9960 2
9961 3
9962 2
9963 1
9964 3
9965 1
9966 2
9967 3
9968 1
9969 3
9970 2
9971 1
9972 3
9973 1
9974 2
9975 3
9976 2
9977 1
9978 2
9979 3
9980 1
9981 3
9982 2
9983 1
9984 3
9985 1
9986 2
9987 3
9988 1
9989 3
9990 2
9991 1
9992 2
9993 3
9994 2
9995 1
9996 3
9997 1
9998 2
9999 3
10000 1
